           0   1.000000    
           1   70.62165    
           2   16.30197    
           3   7.308454    
           4   4.377546    
           5   3.024868    
           6   2.273403    
           7   1.803223    
           8   1.469308    
           9   1.243338    
          10   1.055106    
          11  0.9329659    
          12  0.8235561    
          13  0.7293876    
          14  0.6668876    
          15  0.5930176    
          16  0.5457240    
          17  0.4855957    
          18  0.4518345    
          19  0.4211077    
          20  0.3895438    
          21  0.3702218    
          22  0.3472377    
          23  0.3216727    
          24  0.3017229    
          25  0.2899344    
          26  0.2717634    
          27  0.2524763    
          28  0.2432687    
          29  0.2263881    
          30  0.2208078    
          31  0.2070312    
          32  0.1975795    
          33  0.1942313    
          34  0.1823730    
          35  0.1755022    
          36  0.1687361    
          37  0.1592146    
          38  0.1535645    
          39  0.1507045    
          40  0.1447405    
          41  0.1420898    
          42  0.1343122    
          43  0.1263602    
          44  0.1216169    
          45  0.1200823    
          46  0.1169434    
          47  0.1120605    
          48  0.1097935    
          49  0.1056431    
          50  0.1014230    
          51  0.1022252    
          52  9.5912389E-02
          53  9.4273157E-02
          54  9.1692246E-02
          55  8.8553295E-02
          56  8.8902064E-02
          57  8.2031250E-02
          58  8.3077565E-02
          59  8.1229076E-02
          60  7.8090124E-02
          61  7.4567519E-02
          62  7.5195312E-02
          63  7.5997487E-02
          64  7.0905410E-02
          65  7.0486888E-02
          66  6.8184987E-02
          67  6.7801341E-02
          68  6.2848769E-02
          69  6.2116351E-02
          70  6.3162670E-02
          71  6.1523438E-02
          72  6.1837334E-02
          73  5.7059150E-02
          74  5.8419365E-02
          75  5.3187780E-02
          76  5.5071149E-02
          77  5.3292412E-02
          78  5.1025391E-02
          79  5.1199775E-02
          80  5.1967077E-02
          81  5.0502233E-02
          82  4.9874444E-02
          83  4.7746930E-02
          84  4.8688617E-02
          85  4.7537666E-02
          86  4.5270648E-02
          87  4.4503350E-02
          88  4.5654297E-02
          89  4.3875556E-02
          90  4.2759486E-02
          91  4.2410713E-02
          92  4.0841240E-02
          93  4.3178014E-02
          94  3.9899554E-02
          95  4.1155133E-02
          96  3.6342077E-02
          97  3.8539343E-02
          98  3.7841797E-02
          99  3.5400391E-02
         100  3.6063056E-02
         101  3.5505023E-02
         102  3.4319196E-02
         103  3.2470703E-02
         104  3.4144811E-02
         105  3.1842913E-02
         106  3.2993861E-02
         107  3.1842913E-02
         108  3.3517022E-02
         109  3.1563897E-02
         110  3.1912666E-02
         111  2.9645648E-02
         112  3.2087054E-02
         113  2.8634207E-02
         114  2.9854910E-02
         115  2.9610770E-02
         116  2.9924665E-02
         117  2.9436383E-02
         118  2.6890347E-02
         119  2.8111050E-02
         120  2.9296875E-02
         121  2.6297433E-02
         122  2.6123047E-02
         123  2.6053293E-02
         124  2.5285993E-02
         125  2.5006976E-02
         126  2.5530133E-02
         127  2.4135044E-02
         128  2.3890903E-02
         129  2.3716519E-02
         130  2.3856027E-02
         131  2.5669644E-02
         132  2.2984097E-02
         133  2.3681641E-02
         134  2.0717075E-02
         135  2.3716519E-02
         136  2.1902902E-02
         137  2.0507812E-02
         138  2.2042410E-02
         139  2.3193359E-02
         140  2.0856585E-02
         141  1.9775391E-02
         142  2.0124163E-02
         143  2.0228794E-02
         144  2.0682199E-02
         145  2.0193918E-02
         146  1.9461496E-02
         147  2.1798270E-02
         148  2.0891462E-02
         149  1.8171038E-02
         150  1.8903460E-02
         151  1.9391742E-02
         152  1.7752511E-02
         153  1.8798828E-02
         154  1.7996652E-02
         155  1.8136160E-02
         156  1.7961774E-02
         157  1.6601562E-02
         158  1.7264230E-02
         159  1.6985212E-02
         160  1.8380301E-02
         161  1.6113281E-02
         162  1.6252790E-02
         163  1.6322544E-02
         164  1.5032087E-02
         165  1.6252790E-02
         166  1.6252790E-02
         167  1.6183035E-02
         168  1.6462054E-02
         169  1.6322544E-02
         170  1.5625000E-02
         171  1.7020090E-02
         172  1.4195033E-02
         173  1.3602121E-02
         174  1.5834263E-02
         175  1.3985770E-02
         176  1.4997209E-02
         177  1.6113281E-02
         178  1.5834263E-02
         179  1.5520369E-02
         180  1.4439174E-02
         181  1.4160156E-02
         182  1.5101842E-02
         183  1.3357980E-02
         184  1.2799944E-02
         185  1.2625558E-02
         186  1.2974330E-02
         187  1.2416295E-02
         188  1.3706752E-02
         189  1.4439174E-02
         190  1.1823381E-02
         191  1.2172154E-02
         192  1.3427734E-02
         193  1.3392857E-02
         194  1.2311663E-02
         195  1.2067522E-02
         196  1.2974330E-02
         197  1.0602678E-02
         198  1.3148717E-02
         199  1.1090959E-02
         200  1.1439732E-02
         201  1.1893136E-02
         202  1.1997768E-02
         203  1.1195592E-02
         204  1.1335100E-02
         205  1.0742188E-02
         206  1.0707310E-02
         207  1.1788504E-02
         208  1.1683873E-02
         209  9.9051343E-03
         210  1.0846819E-02
         211  1.0742188E-02
         212  1.0637556E-02
         213  9.7656250E-03
         214  1.0602678E-02
         215  1.0219029E-02
         216  1.0149275E-02
         217  1.0288783E-02
         218  9.8702563E-03
         219  8.2310271E-03
         220  8.3356583E-03
         221  1.0079520E-02
         222  9.4517302E-03
         223  9.5214844E-03
         224  1.0044643E-02
         225  8.4402906E-03
         226  9.9400114E-03
         227  9.6609937E-03
         228  9.6958708E-03
         229  9.3470979E-03
         230  8.4402906E-03
         231  9.9051343E-03
         232  9.8005021E-03
         233  9.6609937E-03
         234  8.6495532E-03
         235  9.0332031E-03
         236  8.0217635E-03
         237  8.5449219E-03
         238  8.1612719E-03
         239  7.7427453E-03
         240  7.8473771E-03
         241  7.8125000E-03
         242  8.1263948E-03
         243  8.7541854E-03
         244  8.3007812E-03
         245  8.3356583E-03
         246  8.1263948E-03
         247  8.0566406E-03
         248  9.0680802E-03
         249  8.7541854E-03
         250  7.8822542E-03
         251  7.5683594E-03
         252  7.8822542E-03
         253  7.2544641E-03
         254  7.9868864E-03
         255  8.0217635E-03
         256  6.8708146E-03
         257  7.7427453E-03
         258  7.6729911E-03
         259  6.4522880E-03
         260  6.9405693E-03
         261  7.0103235E-03
         262  7.3590958E-03
         263  5.4059708E-03
         264  7.6032365E-03
         265  7.4637276E-03
         266  6.9405693E-03
         267  7.4637276E-03
         268  7.1847099E-03
         269  7.4637276E-03
         270  6.9056922E-03
         271  6.8708146E-03
         272  7.0800781E-03
         273  7.7078682E-03
         274  7.5683594E-03
         275  6.4522880E-03
         276  6.6615515E-03
         277  5.7547432E-03
         278  6.5220422E-03
         279  6.2081474E-03
         280  6.0686385E-03
         281  6.3127792E-03
         282  5.9640068E-03
         283  5.6501115E-03
         284  5.5106026E-03
         285  6.4174109E-03
         286  6.4174109E-03
         287  6.9056922E-03
         288  6.3825333E-03
         289  6.4174109E-03
         290  6.1732703E-03
         291  5.4757255E-03
         292  5.8244979E-03
         293  6.1383927E-03
         294  6.1383927E-03
         295  5.8942521E-03
         296  5.1967078E-03
         297  5.6849890E-03
         298  5.9640068E-03
         299  4.9176896E-03
         300  5.8593750E-03
         301  5.7198661E-03
         302  5.2315849E-03
         303  5.9291297E-03
         304  6.0686385E-03
         305  5.7896203E-03
         306  5.1618302E-03
         307  6.4522880E-03
         308  5.4408484E-03
         309  5.5454797E-03
         310  5.4059708E-03
         311  5.6501115E-03
         312  5.3013391E-03
         313  5.5106026E-03
         314  5.0223214E-03
         315  4.8479354E-03
         316  5.8244979E-03
         317  5.0920760E-03
         318  5.1269531E-03
         319  5.2315849E-03
         320  4.6037948E-03
         321  4.7433036E-03
         322  5.3013391E-03
         323  5.6152344E-03
         324  4.6386719E-03
         325  5.2664620E-03
         326  5.0920760E-03
         327  5.0571985E-03
         328  4.7781807E-03
         329  4.5340401E-03
         330  5.5106026E-03
         331  4.0457589E-03
         332  4.4642859E-03
         333  4.6037948E-03
         334  5.1269531E-03
         335  5.2664620E-03
         336  4.7781807E-03
         337  4.3596542E-03
         338  4.1852677E-03
         339  4.7084265E-03
         340  4.9525672E-03
         341  4.3945312E-03
         342  4.5689172E-03
         343  4.3596542E-03
         344  3.8713727E-03
         345  4.3945312E-03
         346  4.3247766E-03
         347  4.1155135E-03
         348  4.7433036E-03
         349  3.7667411E-03
         350  4.6037948E-03
         351  4.6735490E-03
         352  3.8713727E-03
         353  4.2550224E-03
         354  3.6969867E-03
         355  3.6272320E-03
         356  4.0108818E-03
         357  3.9062500E-03
         358  3.9062500E-03
         359  3.8713727E-03
         360  3.8364956E-03
         361  3.8016182E-03
         362  4.0457589E-03
         363  3.5923549E-03
         364  3.5226005E-03
         365  3.4528461E-03
         366  3.2087055E-03
         367  2.9645648E-03
         368  3.4179688E-03
         369  3.7667411E-03
         370  3.8713727E-03
         371  3.5574776E-03
         372  4.1155135E-03
         373  4.1155135E-03
         374  4.0806360E-03
         375  3.4179688E-03
         376  3.3830914E-03
         377  3.5923549E-03
         378  3.9062500E-03
         379  3.5226005E-03
         380  3.3133370E-03
         381  3.5574776E-03
         382  3.6272320E-03
         383  3.3133370E-03
         384  3.4877232E-03
         385  4.0457589E-03
         386  2.7204242E-03
         387  3.2087055E-03
         388  3.3133370E-03
         389  3.6621094E-03
         390  3.2087055E-03
         391  3.2784599E-03
         392  3.2087055E-03
         393  3.6969867E-03
         394  3.1040737E-03
         395  3.9760047E-03
         396  3.7318638E-03
         397  3.1040737E-03
         398  3.1738281E-03
         399  3.2087055E-03
         400  2.7553013E-03
         401  3.1040737E-03
         402  3.4528461E-03
         403  3.6272320E-03
         404  3.3133370E-03
         405  3.3830914E-03
         406  2.8250557E-03
         407  2.7901786E-03
         408  2.9645648E-03
         409  2.7553013E-03
         410  3.5574776E-03
         411  2.6157924E-03
         412  3.3830914E-03
         413  3.3133370E-03
         414  3.6272320E-03
         415  3.2087055E-03
         416  3.2435826E-03
         417  2.9994419E-03
         418  2.5111607E-03
         419  3.1040737E-03
         420  2.9296875E-03
         421  3.4179688E-03
         422  3.0691964E-03
         423  2.9296875E-03
         424  2.6506695E-03
         425  2.6506695E-03
         426  3.2087055E-03
         427  2.9296875E-03
         428  2.8599331E-03
         429  3.1389508E-03
         430  2.8599331E-03
         431  2.9645648E-03
         432  2.7901786E-03
         433  2.5809151E-03
         434  2.8250557E-03
         435  2.7901786E-03
         436  2.9645648E-03
         437  2.4414062E-03
         438  2.9994419E-03
         439  2.3367745E-03
         440  2.5460380E-03
         441  2.6855469E-03
         442  2.5460380E-03
         443  2.3018974E-03
         444  2.9994419E-03
         445  2.8250557E-03
         446  2.3018974E-03
         447  2.4414062E-03
         448  2.5460380E-03
         449  2.5809151E-03
         450  2.3716518E-03
         451  2.4414062E-03
         452  2.2321430E-03
         453  2.3716518E-03
         454  2.6506695E-03
         455  2.9645648E-03
         456  2.7204242E-03
         457  2.5460380E-03
         458  2.9296875E-03
         459  2.6506695E-03
         460  2.5809151E-03
         461  2.5809151E-03
         462  2.3716518E-03
         463  2.4065289E-03
         464  3.1040737E-03
         465  2.8599331E-03
         466  1.9182478E-03
         467  2.4762836E-03
         468  2.3367745E-03
         469  2.4065289E-03
         470  2.3716518E-03
         471  2.0577568E-03
         472  2.6157924E-03
         473  2.4414062E-03
         474  2.7553013E-03
         475  2.1275112E-03
         476  2.3018974E-03
         477  2.3018974E-03
         478  2.4762836E-03
         479  2.7553013E-03
         480  2.2670201E-03
         481  2.4065289E-03
         482  2.6855469E-03
         483  2.1275112E-03
         484  2.5809151E-03
         485  2.3018974E-03
         486  2.0926339E-03
         487  2.5460380E-03
         488  1.7787388E-03
         489  2.1275112E-03
         490  2.1623883E-03
         491  2.6506695E-03
         492  2.1972656E-03
         493  2.3716518E-03
         494  2.0228794E-03
         495  2.3018974E-03
         496  2.6157924E-03
         497  1.6741072E-03
         498  1.9880023E-03
         499  2.0926339E-03
         500  2.3716518E-03
         501  2.5111607E-03
         502  1.8833706E-03
         503  1.9182478E-03
         504  1.7787388E-03
         505  2.1275112E-03
         506  1.9880023E-03
         507  2.1972656E-03
         508  2.0926339E-03
         509  2.3367745E-03
         510  2.3716518E-03
         511  1.8136160E-03
         512  2.1275112E-03
         513  2.0228794E-03
         514  1.7787388E-03
         515  2.3018974E-03
         516  2.2670201E-03
         517  1.8833706E-03
         518  2.3716518E-03
         519  2.3018974E-03
         520  2.0228794E-03
         521  2.4414062E-03
         522  1.8484934E-03
         523  1.9880023E-03
         524  1.4997210E-03
         525  2.0577568E-03
         526  2.0228794E-03
         527  2.1972656E-03
         528  2.1275112E-03
         529  1.9531250E-03
         530  1.9880023E-03
         531  1.9531250E-03
         532  1.9531250E-03
         533  1.9531250E-03
         534  1.7438616E-03
         535  1.9182478E-03
         536  2.2670201E-03
         537  1.6392299E-03
         538  1.9531250E-03
         539  1.8136160E-03
         540  1.6741072E-03
         541  1.8484934E-03
         542  1.8833706E-03
         543  1.7089844E-03
         544  1.8136160E-03
         545  2.3367745E-03
         546  1.7089844E-03
         547  2.3367745E-03
         548  1.4997210E-03
         549  2.1623883E-03
         550  1.7089844E-03
         551  1.6392299E-03
         552  2.2670201E-03
         553  2.1972656E-03
         554  1.9880023E-03
         555  1.6392299E-03
         556  1.6392299E-03
         557  1.7089844E-03
         558  1.4299665E-03
         559  1.7089844E-03
         560  1.6741072E-03
         561  1.6392299E-03
         562  1.3253348E-03
         563  1.7438616E-03
         564  1.9531250E-03
         565  1.8833706E-03
         566  1.4997210E-03
         567  1.8484934E-03
         568  1.2904576E-03
         569  1.6043527E-03
         570  2.1623883E-03
         571  1.7089844E-03
         572  1.4648438E-03
         573  1.8484934E-03
         574  1.5345982E-03
         575  1.7787388E-03
         576  1.6741072E-03
         577  1.5345982E-03
         578  2.1972656E-03
         579  1.6741072E-03
         580  1.4648438E-03
         581  1.7438616E-03
         582  1.5694754E-03
         583  1.4997210E-03
         584  1.4299665E-03
         585  2.1972656E-03
         586  2.0228794E-03
         587  2.0926339E-03
         588  1.9531250E-03
         589  1.6392299E-03
         590  1.7787388E-03
         591  1.4299665E-03
         592  1.3950893E-03
         593  1.6741072E-03
         594  1.6741072E-03
         595  1.4648438E-03
         596  1.5694754E-03
         597  2.0577568E-03
         598  1.5345982E-03
         599  1.8136160E-03
         600  1.7787388E-03
         601  1.4648438E-03
         602  1.6043527E-03
         603  1.2207031E-03
         604  1.0463169E-03
         605  1.8484934E-03
         606  1.3950893E-03
         607  1.6043527E-03
         608  1.3602121E-03
         609  1.5694754E-03
         610  1.8833706E-03
         611  1.8136160E-03
         612  1.1858259E-03
         613  1.3253348E-03
         614  1.6741072E-03
         615  1.7438616E-03
         616  1.9182478E-03
         617  1.4299665E-03
         618  1.5345982E-03
         619  1.2904576E-03
         620  1.1509487E-03
         621  1.6741072E-03
         622  1.4299665E-03
         623  1.0463169E-03
         624  1.3602121E-03
         625  1.8136160E-03
         626  1.5345982E-03
         627  1.2207031E-03
         628  1.6741072E-03
         629  2.0926339E-03
         630  1.1160715E-03
         631  1.4299665E-03
         632  1.4299665E-03
         633  1.4997210E-03
         634  1.3253348E-03
         635  1.7787388E-03
         636  1.7438616E-03
         637  1.3950893E-03
         638  1.6741072E-03
         639  1.8833706E-03
         640  1.4299665E-03
         641  1.3602121E-03
         642  1.6741072E-03
         643  1.3602121E-03
         644  1.3950893E-03
         645  1.1509487E-03
         646  1.4648438E-03
         647  1.3950893E-03
         648  1.2904576E-03
         649  9.7656250E-04
         650  1.3950893E-03
         651  1.0463169E-03
         652  1.2904576E-03
         653  1.7438616E-03
         654  1.2207031E-03
         655  1.5694754E-03
         656  1.4299665E-03
         657  1.3602121E-03
         658  1.1509487E-03
         659  1.3253348E-03
         660  1.3950893E-03
         661  1.1858259E-03
         662  1.6043527E-03
         663  1.1509487E-03
         664  1.3950893E-03
         665  1.2555803E-03
         666  1.6392299E-03
         667  1.8136160E-03
         668  1.4648438E-03
         669  1.1858259E-03
         670  1.1509487E-03
         671  1.8833706E-03
         672  8.7193080E-04
         673  1.2207031E-03
         674  1.2207031E-03
         675  1.0463169E-03
         676  1.3253348E-03
         677  1.3602121E-03
         678  1.1858259E-03
         679  1.0811941E-03
         680  1.4648438E-03
         681  1.1858259E-03
         682  1.3253348E-03
         683  1.1509487E-03
         684  1.5345982E-03
         685  1.1858259E-03
         686  1.4997210E-03
         687  7.6729909E-04
         688  1.1858259E-03
         689  1.3950893E-03
         690  1.2207031E-03
         691  9.4168528E-04
         692  1.3602121E-03
         693  1.0114397E-03
         694  1.4648438E-03
         695  8.0217636E-04
         696  1.5345982E-03
         697  1.2207031E-03
         698  1.2555803E-03
         699  9.4168528E-04
         700  1.1509487E-03
         701  1.6043527E-03
         702  1.1509487E-03
         703  1.2207031E-03
         704  1.0463169E-03
         705  1.3602121E-03
         706  1.3253348E-03
         707  1.1509487E-03
         708  1.1509487E-03
         709  1.5694754E-03
         710  8.7193080E-04
         711  7.3242188E-04
         712  9.7656250E-04
         713  1.2207031E-03
         714  1.0811941E-03
         715  1.3602121E-03
         716  1.0463169E-03
         717  1.1509487E-03
         718  1.1509487E-03
         719  1.1858259E-03
         720  1.1509487E-03
         721  1.3602121E-03
         722  1.2207031E-03
         723  1.2555803E-03
         724  1.1160715E-03
         725  1.2207031E-03
         726  1.2207031E-03
         727  1.0811941E-03
         728  1.1509487E-03
         729  9.0680801E-04
         730  1.1858259E-03
         731  8.0217636E-04
         732  9.7656250E-04
         733  9.7656250E-04
         734  1.4997210E-03
         735  1.1509487E-03
         736  1.0114397E-03
         737  9.4168528E-04
         738  8.7193080E-04
         739  1.3253348E-03
         740  1.1858259E-03
         741  1.2555803E-03
         742  1.1858259E-03
         743  1.0811941E-03
         744  1.2904576E-03
         745  1.0463169E-03
         746  9.4168528E-04
         747  9.0680801E-04
         748  1.1160715E-03
         749  1.2555803E-03
         750  7.6729909E-04
         751  1.1160715E-03
         752  1.3253348E-03
         753  1.1509487E-03
         754  9.0680801E-04
         755  1.0463169E-03
         756  8.0217636E-04
         757  1.0463169E-03
         758  8.0217636E-04
         759  6.6266739E-04
         760  1.1160715E-03
         761  8.3705358E-04
         762  7.6729909E-04
         763  8.7193080E-04
         764  1.3950893E-03
         765  6.2779017E-04
         766  1.1509487E-03
         767  8.7193080E-04
         768  1.1509487E-03
         769  9.7656250E-04
         770  7.6729909E-04
         771  7.6729909E-04
         772  1.0463169E-03
         773  1.1858259E-03
         774  9.0680801E-04
         775  9.7656250E-04
         776  9.7656250E-04
         777  8.0217636E-04
         778  9.7656250E-04
         779  6.2779017E-04
         780  8.7193080E-04
         781  8.7193080E-04
         782  1.1160715E-03
         783  9.0680801E-04
         784  1.2207031E-03
         785  1.1858259E-03
         786  6.6266739E-04
         787  9.7656250E-04
         788  9.7656250E-04
         789  1.0811941E-03
         790  9.7656250E-04
         791  1.0463169E-03
         792  7.6729909E-04
         793  1.0811941E-03
         794  7.3242188E-04
         795  5.9291295E-04
         796  1.2555803E-03
         797  6.9754466E-04
         798  9.7656250E-04
         799  5.2315847E-04
         800  7.6729909E-04
         801  9.4168528E-04
         802  7.3242188E-04
         803  1.0114397E-03
         804  4.5340401E-04
         805  8.3705358E-04
         806  1.2904576E-03
         807  7.3242188E-04
         808  6.6266739E-04
         809  1.0463169E-03
         810  9.4168528E-04
         811  6.9754466E-04
         812  9.0680801E-04
         813  1.0811941E-03
         814  6.6266739E-04
         815  9.7656250E-04
         816  9.0680801E-04
         817  8.3705358E-04
         818  8.3705358E-04
         819  9.0680801E-04
         820  5.9291295E-04
         821  8.7193080E-04
         822  8.3705358E-04
         823  8.3705358E-04
         824  1.1509487E-03
         825  8.3705358E-04
         826  6.9754466E-04
         827  9.4168528E-04
         828  8.7193080E-04
         829  8.0217636E-04
         830  1.1858259E-03
         831  9.0680801E-04
         832  7.6729909E-04
         833  7.3242188E-04
         834  6.6266739E-04
         835  8.0217636E-04
         836  9.4168528E-04
         837  6.2779017E-04
         838  6.9754466E-04
         839  9.0680801E-04
         840  6.6266739E-04
         841  7.3242188E-04
         842  6.6266739E-04
         843  5.2315847E-04
         844  8.3705358E-04
         845  6.9754466E-04
         846  6.9754466E-04
         847  6.6266739E-04
         848  6.2779017E-04
         849  6.9754466E-04
         850  6.2779017E-04
         851  8.0217636E-04
         852  9.7656250E-04
         853  9.0680801E-04
         854  1.0114397E-03
         855  6.9754466E-04
         856  7.3242188E-04
         857  9.7656250E-04
         858  5.9291295E-04
         859  8.0217636E-04
         860  7.6729909E-04
         861  8.3705358E-04
         862  6.6266739E-04
         863  4.8828125E-04
         864  7.6729909E-04
         865  8.0217636E-04
         866  6.9754466E-04
         867  8.0217636E-04
         868  1.0114397E-03
         869  7.3242188E-04
         870  7.6729909E-04
         871  5.9291295E-04
         872  6.9754466E-04
         873  7.6729909E-04
         874  5.9291295E-04
         875  4.8828125E-04
         876  8.0217636E-04
         877  5.9291295E-04
         878  6.2779017E-04
         879  8.0217636E-04
         880  3.8364955E-04
         881  5.5803574E-04
         882  8.7193080E-04
         883  4.5340401E-04
         884  7.6729909E-04
         885  4.1852679E-04
         886  8.0217636E-04
         887  7.3242188E-04
         888  7.3242188E-04
         889  9.4168528E-04
         890  5.2315847E-04
         891  6.2779017E-04
         892  8.3705358E-04
         893  6.6266739E-04
         894  5.5803574E-04
         895  3.1389509E-04
         896  6.6266739E-04
         897  6.2779017E-04
         898  5.5803574E-04
         899  7.3242188E-04
         900  6.9754466E-04
         901  4.8828125E-04
         902  7.6729909E-04
         903  5.9291295E-04
         904  8.0217636E-04
         905  6.9754466E-04
         906  5.5803574E-04
         907  6.6266739E-04
         908  5.5803574E-04
         909  5.2315847E-04
         910  5.2315847E-04
         911  3.4877233E-04
         912  6.9754466E-04
         913  6.9754466E-04
         914  7.3242188E-04
         915  5.9291295E-04
         916  6.2779017E-04
         917  6.6266739E-04
         918  3.1389509E-04
         919  6.9754466E-04
         920  6.9754466E-04
         921  7.6729909E-04
         922  4.5340401E-04
         923  4.8828125E-04
         924  5.9291295E-04
         925  5.5803574E-04
         926  6.9754466E-04
         927  4.1852679E-04
         928  6.6266739E-04
         929  5.9291295E-04
         930  5.9291295E-04
         931  5.5803574E-04
         932  3.4877233E-04
         933  6.6266739E-04
         934  5.2315847E-04
         935  5.9291295E-04
         936  5.2315847E-04
         937  5.5803574E-04
         938  8.0217636E-04
         939  6.9754466E-04
         940  5.9291295E-04
         941  3.4877233E-04
         942  6.9754466E-04
         943  5.5803574E-04
         944  4.5340401E-04
         945  5.2315847E-04
         946  5.5803574E-04
         947  3.4877233E-04
         948  3.8364955E-04
         949  3.4877233E-04
         950  4.1852679E-04
         951  6.2779017E-04
         952  4.8828125E-04
         953  4.8828125E-04
         954  4.8828125E-04
         955  6.6266739E-04
         956  6.6266739E-04
         957  6.2779017E-04
         958  4.1852679E-04
         959  3.8364955E-04
         960  5.2315847E-04
         961  5.5803574E-04
         962  3.4877233E-04
         963  3.4877233E-04
         964  5.9291295E-04
         965  4.1852679E-04
         966  4.5340401E-04
         967  2.4414062E-04
         968  3.8364955E-04
         969  6.9754466E-04
         970  5.5803574E-04
         971  5.5803574E-04
         972  4.8828125E-04
         973  4.5340401E-04
         974  4.8828125E-04
         975  6.6266739E-04
         976  4.1852679E-04
         977  5.5803574E-04
         978  6.6266739E-04
         979  5.2315847E-04
         980  4.8828125E-04
         981  3.8364955E-04
         982  5.9291295E-04
         983  5.2315847E-04
         984  4.1852679E-04
         985  3.8364955E-04
         986  3.8364955E-04
         987  4.1852679E-04
         988  5.5803574E-04
         989  4.8828125E-04
         990  3.8364955E-04
         991  8.7193080E-04
         992  5.2315847E-04
         993  7.3242188E-04
         994  4.5340401E-04
         995  4.8828125E-04
         996  5.9291295E-04
         997  4.1852679E-04
         998  7.6729909E-04
         999  5.9291295E-04
        1000  3.1389509E-04
        1001  3.8364955E-04
        1002  4.8828125E-04
        1003  6.2779017E-04
        1004  4.5340401E-04
        1005  5.2315847E-04
        1006  3.8364955E-04
        1007  3.4877233E-04
        1008  4.1852679E-04
        1009  4.1852679E-04
        1010  4.1852679E-04
        1011  3.8364955E-04
        1012  3.1389509E-04
        1013  3.4877233E-04
        1014  5.9291295E-04
        1015  4.8828125E-04
        1016  5.9291295E-04
        1017  3.8364955E-04
        1018  3.1389509E-04
        1019  4.8828125E-04
        1020  3.8364955E-04
        1021  4.5340401E-04
        1022  4.8828125E-04
        1023  5.2315847E-04
        1024  3.8364955E-04
        1025  3.1389509E-04
        1026  6.6266739E-04
        1027  4.5340401E-04
        1028  4.8828125E-04
        1029  3.4877233E-04
        1030  3.4877233E-04
        1031  3.8364955E-04
        1032  3.8364955E-04
        1033  5.9291295E-04
        1034  4.8828125E-04
        1035  3.8364955E-04
        1036  4.8828125E-04
        1037  4.1852679E-04
        1038  5.9291295E-04
        1039  5.9291295E-04
        1040  3.1389509E-04
        1041  3.8364955E-04
        1042  3.4877233E-04
        1043  4.1852679E-04
        1044  4.1852679E-04
        1045  4.5340401E-04
        1046  7.3242188E-04
        1047  3.4877233E-04
        1048  2.7901787E-04
        1049  4.8828125E-04
        1050  2.4414062E-04
        1051  4.8828125E-04
        1052  4.8828125E-04
        1053  4.5340401E-04
        1054  6.2779017E-04
        1055  4.1852679E-04
        1056  5.2315847E-04
        1057  3.1389509E-04
        1058  5.2315847E-04
        1059  2.7901787E-04
        1060  3.8364955E-04
        1061  3.4877233E-04
        1062  3.4877233E-04
        1063  3.8364955E-04
        1064  4.5340401E-04
        1065  5.5803574E-04
        1066  3.4877233E-04
        1067  3.1389509E-04
        1068  2.7901787E-04
        1069  3.4877233E-04
        1070  5.2315847E-04
        1071  3.1389509E-04
        1072  5.2315847E-04
        1073  4.1852679E-04
        1074  5.5803574E-04
        1075  2.4414062E-04
        1076  4.5340401E-04
        1077  5.5803574E-04
        1078  3.4877233E-04
        1079  4.8828125E-04
        1080  3.1389509E-04
        1081  4.5340401E-04
        1082  8.0217636E-04
        1083  2.7901787E-04
        1084  4.1852679E-04
        1085  6.6266739E-04
        1086  2.4414062E-04
        1087  2.7901787E-04
        1088  3.8364955E-04
        1089  3.8364955E-04
        1090  3.8364955E-04
        1091  5.5803574E-04
        1092  5.2315847E-04
        1093  4.1852679E-04
        1094  5.9291295E-04
        1095  3.1389509E-04
        1096  4.5340401E-04
        1097  2.4414062E-04
        1098  4.8828125E-04
        1099  2.4414062E-04
        1100  2.7901787E-04
        1101  3.1389509E-04
        1102  4.5340401E-04
        1103  2.4414062E-04
        1104  5.5803574E-04
        1105  1.7438616E-04
        1106  4.8828125E-04
        1107  3.4877233E-04
        1108  4.5340401E-04
        1109  2.0926339E-04
        1110  2.7901787E-04
        1111  2.4414062E-04
        1112  4.1852679E-04
        1113  2.4414062E-04
        1114  2.0926339E-04
        1115  4.5340401E-04
        1116  4.8828125E-04
        1117  3.8364955E-04
        1118  6.9754467E-05
        1119  2.4414062E-04
        1120  4.8828125E-04
        1121  4.1852679E-04
        1122  3.4877233E-04
        1123  2.0926339E-04
        1124  2.4414062E-04
        1125  3.4877233E-04
        1126  1.7438616E-04
        1127  2.7901787E-04
        1128  4.5340401E-04
        1129  2.0926339E-04
        1130  6.2779017E-04
        1131  2.4414062E-04
        1132  2.4414062E-04
        1133  4.5340401E-04
        1134  3.1389509E-04
        1135  2.0926339E-04
        1136  3.8364955E-04
        1137  4.1852679E-04
        1138  4.5340401E-04
        1139  3.1389509E-04
        1140  3.4877233E-04
        1141  4.1852679E-04
        1142  3.1389509E-04
        1143  3.1389509E-04
        1144  3.1389509E-04
        1145  4.1852679E-04
        1146  4.1852679E-04
        1147  3.1389509E-04
        1148  4.1852679E-04
        1149  2.0926339E-04
        1150  3.4877233E-04
        1151  6.2779017E-04
        1152  2.7901787E-04
        1153  3.1389509E-04
        1154  3.1389509E-04
        1155  4.8828125E-04
        1156  1.7438616E-04
        1157  5.5803574E-04
        1158  4.1852679E-04
        1159  4.1852679E-04
        1160  1.0463170E-04
        1161  3.4877233E-04
        1162  2.0926339E-04
        1163  2.4414062E-04
        1164  5.5803574E-04
        1165  4.5340401E-04
        1166  4.5340401E-04
        1167  3.4877233E-04
        1168  4.1852679E-04
        1169  3.8364955E-04
        1170  3.1389509E-04
        1171  3.8364955E-04
        1172  4.1852679E-04
        1173  4.8828125E-04
        1174  3.1389509E-04
        1175  2.4414062E-04
        1176  3.4877233E-04
        1177  2.0926339E-04
        1178  2.0926339E-04
        1179  1.3950893E-04
        1180  3.4877233E-04
        1181  3.4877233E-04
        1182  2.4414062E-04
        1183  2.4414062E-04
        1184  3.8364955E-04
        1185  3.1389509E-04
        1186  3.4877233E-04
        1187  4.8828125E-04
        1188  2.7901787E-04
        1189  1.0463170E-04
        1190  2.4414062E-04
        1191  4.8828125E-04
        1192  5.9291295E-04
        1193  2.7901787E-04
        1194  1.7438616E-04
        1195  5.2315847E-04
        1196  4.1852679E-04
        1197  3.1389509E-04
        1198  2.4414062E-04
        1199  3.4877233E-04
        1200  1.3950893E-04
        1201  1.7438616E-04
        1202  3.1389509E-04
        1203  3.1389509E-04
        1204  3.8364955E-04
        1205  2.7901787E-04
        1206  5.9291295E-04
        1207  2.7901787E-04
        1208  2.0926339E-04
        1209  2.0926339E-04
        1210  2.7901787E-04
        1211  1.0463170E-04
        1212  1.3950893E-04
        1213  3.4877233E-04
        1214  3.8364955E-04
        1215  3.1389509E-04
        1216  1.7438616E-04
        1217  3.8364955E-04
        1218  2.0926339E-04
        1219  2.7901787E-04
        1220  2.4414062E-04
        1221  3.8364955E-04
        1222  2.4414062E-04
        1223  4.5340401E-04
        1224  4.8828125E-04
        1225  3.8364955E-04
        1226  4.1852679E-04
        1227  5.2315847E-04
        1228  2.4414062E-04
        1229  2.7901787E-04
        1230  2.7901787E-04
        1231  4.5340401E-04
        1232  3.8364955E-04
        1233  2.4414062E-04
        1234  3.1389509E-04
        1235  3.1389509E-04
        1236  1.7438616E-04
        1237  3.8364955E-04
        1238  2.7901787E-04
        1239  2.0926339E-04
        1240  3.4877233E-04
        1241  2.7901787E-04
        1242  3.4877233E-04
        1243  1.0463170E-04
        1244  2.0926339E-04
        1245  2.7901787E-04
        1246  4.5340401E-04
        1247  3.4877233E-04
        1248  3.4877233E-04
        1249  3.4877233E-04
        1250  4.5340401E-04
        1251  2.0926339E-04
        1252  4.5340401E-04
        1253  2.4414062E-04
        1254  3.4877233E-04
        1255  3.1389509E-04
        1256  3.4877233E-04
        1257  1.3950893E-04
        1258  2.0926339E-04
        1259  1.0463170E-04
        1260  3.8364955E-04
        1261  2.7901787E-04
        1262  1.0463170E-04
        1263  3.8364955E-04
        1264  2.4414062E-04
        1265  3.1389509E-04
        1266  1.7438616E-04
        1267  3.4877233E-04
        1268  3.1389509E-04
        1269  2.0926339E-04
        1270  2.0926339E-04
        1271  3.1389509E-04
        1272  3.4877233E-04
        1273  3.4877233E-04
        1274  1.7438616E-04
        1275  4.5340401E-04
        1276  1.3950893E-04
        1277  3.1389509E-04
        1278  3.1389509E-04
        1279  2.4414062E-04
        1280  3.4877233E-04
        1281  2.4414062E-04
        1282  1.7438616E-04
        1283  2.4414062E-04
        1284  3.8364955E-04
        1285  1.7438616E-04
        1286  3.4877233E-04
        1287  2.7901787E-04
        1288  3.8364955E-04
        1289  4.1852679E-04
        1290  2.0926339E-04
        1291  2.4414062E-04
        1292  1.7438616E-04
        1293  4.1852679E-04
        1294  2.4414062E-04
        1295  4.1852679E-04
        1296  2.4414062E-04
        1297  2.7901787E-04
        1298  3.1389509E-04
        1299  3.4877233E-04
        1300  3.8364955E-04
        1301  3.4877233E-04
        1302  2.0926339E-04
        1303  4.5340401E-04
        1304  3.1389509E-04
        1305  2.0926339E-04
        1306  4.1852679E-04
        1307  3.4877234E-05
        1308  1.3950893E-04
        1309  2.0926339E-04
        1310  2.0926339E-04
        1311  1.3950893E-04
        1312  2.4414062E-04
        1313  2.0926339E-04
        1314  2.7901787E-04
        1315  4.1852679E-04
        1316  2.7901787E-04
        1317  1.7438616E-04
        1318  2.7901787E-04
        1319  2.4414062E-04
        1320  3.1389509E-04
        1321  1.3950893E-04
        1322  2.7901787E-04
        1323  1.0463170E-04
        1324  1.3950893E-04
        1325  3.8364955E-04
        1326  3.1389509E-04
        1327  2.7901787E-04
        1328  2.0926339E-04
        1329  2.0926339E-04
        1330  6.9754467E-05
        1331  6.9754467E-05
        1332  1.7438616E-04
        1333  3.4877233E-04
        1334  1.3950893E-04
        1335  1.7438616E-04
        1336  1.3950893E-04
        1337  1.7438616E-04
        1338  2.4414062E-04
        1339  3.1389509E-04
        1340  2.0926339E-04
        1341  1.3950893E-04
        1342  2.4414062E-04
        1343  1.3950893E-04
        1344  2.0926339E-04
        1345  3.1389509E-04
        1346  3.4877233E-04
        1347  2.7901787E-04
        1348  2.4414062E-04
        1349  1.3950893E-04
        1350  2.4414062E-04
        1351  2.4414062E-04
        1352  2.0926339E-04
        1353  2.7901787E-04
        1354  1.3950893E-04
        1355  1.7438616E-04
        1356  1.0463170E-04
        1357  2.0926339E-04
        1358  2.0926339E-04
        1359  3.1389509E-04
        1360  2.0926339E-04
        1361  2.4414062E-04
        1362  1.3950893E-04
        1363  1.3950893E-04
        1364  2.7901787E-04
        1365  2.4414062E-04
        1366  1.0463170E-04
        1367  6.9754467E-05
        1368  1.3950893E-04
        1369  1.3950893E-04
        1370  1.0463170E-04
        1371  2.0926339E-04
        1372  1.0463170E-04
        1373  1.3950893E-04
        1374  2.4414062E-04
        1375  3.4877234E-05
        1376  3.4877234E-05
        1377  2.0926339E-04
        1378  1.7438616E-04
        1379  1.3950893E-04
        1380  1.3950893E-04
        1381  1.7438616E-04
        1382  1.3950893E-04
        1383  1.3950893E-04
        1384  2.0926339E-04
        1385  1.3950893E-04
        1386  1.0463170E-04
        1387  2.4414062E-04
        1388  6.9754467E-05
        1389  2.4414062E-04
        1390  1.7438616E-04
        1391  1.0463170E-04
        1392  3.8364955E-04
        1393  1.3950893E-04
        1394  1.3950893E-04
        1395  2.4414062E-04
        1396  2.0926339E-04
        1397  3.8364955E-04
        1398  1.3950893E-04
        1399  1.7438616E-04
        1400  2.4414062E-04
        1401  1.0463170E-04
        1402  1.7438616E-04
        1403  3.1389509E-04
        1404  2.7901787E-04
        1405  1.3950893E-04
        1406  1.0463170E-04
        1407  6.9754467E-05
        1408  1.0463170E-04
        1409  2.0926339E-04
        1410  1.7438616E-04
        1411  6.9754467E-05
        1412  1.3950893E-04
        1413  1.7438616E-04
        1414  1.7438616E-04
        1415  3.1389509E-04
        1416  1.7438616E-04
        1417  2.0926339E-04
        1418  1.0463170E-04
        1419  3.4877234E-05
        1420  1.3950893E-04
        1421  1.0463170E-04
        1422  1.0463170E-04
        1423  2.0926339E-04
        1424  1.7438616E-04
        1425  2.0926339E-04
        1426  1.0463170E-04
        1427  1.7438616E-04
        1428  1.0463170E-04
        1429  1.0463170E-04
        1430  2.4414062E-04
        1431  1.7438616E-04
        1432  2.7901787E-04
        1433  1.0463170E-04
        1434  3.4877234E-05
        1435  1.3950893E-04
        1436  1.3950893E-04
        1437  1.3950893E-04
        1438  1.3950893E-04
        1439  1.7438616E-04
        1440  2.4414062E-04
        1441  1.0463170E-04
        1442  1.3950893E-04
        1443  1.0463170E-04
        1444  1.0463170E-04
        1445  1.0463170E-04
        1446  1.0463170E-04
        1447  2.4414062E-04
        1448  6.9754467E-05
        1449  1.3950893E-04
        1450  1.0463170E-04
        1451  1.0463170E-04
        1452  1.0463170E-04
        1453  6.9754467E-05
        1454  1.0463170E-04
        1455  6.9754467E-05
        1456  1.3950893E-04
        1457  1.3950893E-04
        1458  2.0926339E-04
        1459  2.4414062E-04
        1460  1.0463170E-04
        1461  2.4414062E-04
        1462  1.3950893E-04
        1463  2.0926339E-04
        1464  1.3950893E-04
        1465  1.7438616E-04
        1466  1.7438616E-04
        1467  1.0463170E-04
        1468  3.4877234E-05
        1469  1.7438616E-04
        1470  1.3950893E-04
        1471  1.7438616E-04
        1472  1.0463170E-04
        1473  1.7438616E-04
        1474  6.9754467E-05
        1475  1.7438616E-04
        1476  1.0463170E-04
        1477  1.7438616E-04
        1478  2.0926339E-04
        1479  1.7438616E-04
        1480  3.4877234E-05
        1481  3.4877234E-05
        1482  1.7438616E-04
        1483  1.0463170E-04
        1484  1.7438616E-04
        1485  2.4414062E-04
        1486  1.3950893E-04
        1487  1.7438616E-04
        1488  2.4414062E-04
        1489  1.0463170E-04
        1490  1.0463170E-04
        1491  6.9754467E-05
        1492  1.3950893E-04
        1493  2.0926339E-04
        1494  2.4414062E-04
        1495  6.9754467E-05
        1496  6.9754467E-05
        1497  1.7438616E-04
        1498  1.0463170E-04
        1499  2.4414062E-04
        1500  6.9754467E-05
        1501  6.9754467E-05
        1502  1.0463170E-04
        1503  2.0926339E-04
        1504  1.3950893E-04
        1505  6.9754467E-05
        1506  2.4414062E-04
        1507  1.0463170E-04
        1508  0.0000000E+00
        1509  1.3950893E-04
        1510  6.9754467E-05
        1511  1.3950893E-04
        1512  2.0926339E-04
        1513  1.0463170E-04
        1514  1.0463170E-04
        1515  2.4414062E-04
        1516  3.4877234E-05
        1517  2.0926339E-04
        1518  6.9754467E-05
        1519  1.3950893E-04
        1520  1.0463170E-04
        1521  1.0463170E-04
        1522  1.3950893E-04
        1523  1.3950893E-04
        1524  1.3950893E-04
        1525  2.4414062E-04
        1526  1.0463170E-04
        1527  3.4877234E-05
        1528  1.3950893E-04
        1529  1.0463170E-04
        1530  1.0463170E-04
        1531  6.9754467E-05
        1532  3.1389509E-04
        1533  1.3950893E-04
        1534  1.3950893E-04
        1535  1.7438616E-04
        1536  3.4877234E-05
        1537  0.0000000E+00
        1538  2.0926339E-04
        1539  2.0926339E-04
        1540  1.7438616E-04
        1541  1.0463170E-04
        1542  6.9754467E-05
        1543  6.9754467E-05
        1544  3.4877234E-05
        1545  2.7901787E-04
        1546  3.4877234E-05
        1547  1.3950893E-04
        1548  6.9754467E-05
        1549  1.3950893E-04
        1550  2.7901787E-04
        1551  1.3950893E-04
        1552  1.7438616E-04
        1553  1.0463170E-04
        1554  6.9754467E-05
        1555  1.3950893E-04
        1556  1.0463170E-04
        1557  6.9754467E-05
        1558  1.0463170E-04
        1559  6.9754467E-05
        1560  1.7438616E-04
        1561  1.3950893E-04
        1562  2.4414062E-04
        1563  1.7438616E-04
        1564  1.0463170E-04
        1565  0.0000000E+00
        1566  6.9754467E-05
        1567  6.9754467E-05
        1568  1.3950893E-04
        1569  1.3950893E-04
        1570  1.0463170E-04
        1571  6.9754467E-05
        1572  1.3950893E-04
        1573  1.3950893E-04
        1574  6.9754467E-05
        1575  2.4414062E-04
        1576  1.7438616E-04
        1577  3.4877234E-05
        1578  3.4877234E-05
        1579  6.9754467E-05
        1580  6.9754467E-05
        1581  3.4877234E-05
        1582  3.4877234E-05
        1583  3.4877234E-05
        1584  6.9754467E-05
        1585  6.9754467E-05
        1586  6.9754467E-05
        1587  1.7438616E-04
        1588  6.9754467E-05
        1589  1.3950893E-04
        1590  6.9754467E-05
        1591  0.0000000E+00
        1592  1.0463170E-04
        1593  1.7438616E-04
        1594  1.7438616E-04
        1595  6.9754467E-05
        1596  3.4877234E-05
        1597  1.0463170E-04
        1598  1.0463170E-04
        1599  1.3950893E-04
        1600  3.4877234E-05
        1601  6.9754467E-05
        1602  1.0463170E-04
        1603  1.0463170E-04
        1604  1.0463170E-04
        1605  6.9754467E-05
        1606  6.9754467E-05
        1607  1.0463170E-04
        1608  6.9754467E-05
        1609  2.4414062E-04
        1610  2.0926339E-04
        1611  3.4877234E-05
        1612  2.0926339E-04
        1613  3.4877234E-05
        1614  6.9754467E-05
        1615  1.0463170E-04
        1616  1.0463170E-04
        1617  3.4877234E-05
        1618  6.9754467E-05
        1619  1.0463170E-04
        1620  3.4877234E-05
        1621  1.0463170E-04
        1622  1.0463170E-04
        1623  3.4877234E-05
        1624  1.0463170E-04
        1625  6.9754467E-05
        1626  3.4877234E-05
        1627  6.9754467E-05
        1628  3.4877234E-05
        1629  3.4877234E-05
        1630  0.0000000E+00
        1631  0.0000000E+00
        1632  1.0463170E-04
        1633  6.9754467E-05
        1634  3.4877234E-05
        1635  1.0463170E-04
        1636  3.4877234E-05
        1637  6.9754467E-05
        1638  1.0463170E-04
        1639  3.4877234E-05
        1640  1.0463170E-04
        1641  6.9754467E-05
        1642  3.4877234E-05
        1643  0.0000000E+00
        1644  3.4877234E-05
        1645  3.4877234E-05
        1646  1.0463170E-04
        1647  0.0000000E+00
        1648  1.0463170E-04
        1649  6.9754467E-05
        1650  3.4877234E-05
        1651  2.0926339E-04
        1652  1.0463170E-04
        1653  1.3950893E-04
        1654  6.9754467E-05
        1655  6.9754467E-05
        1656  6.9754467E-05
        1657  6.9754467E-05
        1658  0.0000000E+00
        1659  3.4877234E-05
        1660  3.4877234E-05
        1661  6.9754467E-05
        1662  3.4877234E-05
        1663  0.0000000E+00
        1664  1.0463170E-04
        1665  3.4877234E-05
        1666  3.4877234E-05
        1667  3.4877234E-05
        1668  6.9754467E-05
        1669  0.0000000E+00
        1670  6.9754467E-05
        1671  3.4877234E-05
        1672  1.0463170E-04
        1673  6.9754467E-05
        1674  0.0000000E+00
        1675  1.3950893E-04
        1676  1.0463170E-04
        1677  3.4877234E-05
        1678  3.4877234E-05
        1679  3.4877234E-05
        1680  0.0000000E+00
        1681  3.4877234E-05
        1682  3.4877234E-05
        1683  3.4877234E-05
        1684  0.0000000E+00
        1685  3.4877234E-05
        1686  3.4877234E-05
        1687  3.4877234E-05
        1688  0.0000000E+00
        1689  6.9754467E-05
        1690  3.4877234E-05
        1691  3.4877234E-05
        1692  0.0000000E+00
        1693  0.0000000E+00
        1694  6.9754467E-05
        1695  0.0000000E+00
        1696  0.0000000E+00
        1697  6.9754467E-05
        1698  6.9754467E-05
        1699  3.4877234E-05
        1700  0.0000000E+00
        1701  3.4877234E-05
        1702  6.9754467E-05
        1703  6.9754467E-05
        1704  3.4877234E-05
        1705  0.0000000E+00
        1706  6.9754467E-05
        1707  3.4877234E-05
        1708  3.4877234E-05
        1709  6.9754467E-05
        1710  6.9754467E-05
        1711  0.0000000E+00
        1712  0.0000000E+00
        1713  6.9754467E-05
        1714  0.0000000E+00
        1715  0.0000000E+00
        1716  3.4877234E-05
        1717  3.4877234E-05
        1718  3.4877234E-05
        1719  0.0000000E+00
        1720  3.4877234E-05
        1721  0.0000000E+00
        1722  3.4877234E-05
        1723  0.0000000E+00
        1724  3.4877234E-05
        1725  1.0463170E-04
        1726  0.0000000E+00
        1727  0.0000000E+00
        1728  0.0000000E+00
        1729  0.0000000E+00
        1730  6.9754467E-05
        1731  6.9754467E-05
        1732  3.4877234E-05
        1733  0.0000000E+00
        1734  0.0000000E+00
        1735  3.4877234E-05
        1736  0.0000000E+00
        1737  0.0000000E+00
        1738  3.4877234E-05
        1739  0.0000000E+00
        1740  3.4877234E-05
        1741  0.0000000E+00
        1742  0.0000000E+00
        1743  6.9754467E-05
        1744  3.4877234E-05
        1745  3.4877234E-05
        1746  6.9754467E-05
        1747  0.0000000E+00
        1748  3.4877234E-05
        1749  3.4877234E-05
        1750  0.0000000E+00
        1751  3.4877234E-05
        1752  3.4877234E-05
        1753  0.0000000E+00
        1754  0.0000000E+00
        1755  0.0000000E+00
        1756  3.4877234E-05
        1757  0.0000000E+00
        1758  3.4877234E-05
        1759  0.0000000E+00
        1760  0.0000000E+00
        1761  0.0000000E+00
        1762  0.0000000E+00
        1763  3.4877234E-05
        1764  3.4877234E-05
        1765  0.0000000E+00
        1766  1.3950893E-04
        1767  3.4877234E-05
        1768  0.0000000E+00
        1769  3.4877234E-05
        1770  0.0000000E+00
        1771  0.0000000E+00
        1772  0.0000000E+00
        1773  3.4877234E-05
        1774  3.4877234E-05
        1775  0.0000000E+00
        1776  3.4877234E-05
        1777  0.0000000E+00
        1778  3.4877234E-05
        1779  3.4877234E-05
        1780  0.0000000E+00
        1781  0.0000000E+00
        1782  3.4877234E-05
        1783  3.4877234E-05
        1784  3.4877234E-05
        1785  6.9754467E-05
        1786  3.4877234E-05
        1787  6.9754467E-05
        1788  0.0000000E+00
        1789  0.0000000E+00
        1790  6.9754467E-05
        1791  0.0000000E+00
        1792  6.9754467E-05
        1793  6.9754467E-05
        1794  0.0000000E+00
        1795  3.4877234E-05
        1796  3.4877234E-05
        1797  0.0000000E+00
        1798  3.4877234E-05
        1799  0.0000000E+00
        1800  0.0000000E+00
        1801  0.0000000E+00
        1802  0.0000000E+00
        1803  0.0000000E+00
        1804  0.0000000E+00
        1805  3.4877234E-05
        1806  0.0000000E+00
        1807  3.4877234E-05
        1808  3.4877234E-05
        1809  0.0000000E+00
        1810  3.4877234E-05
        1811  0.0000000E+00
        1812  0.0000000E+00
        1813  0.0000000E+00
        1814  0.0000000E+00
        1815  0.0000000E+00
        1816  3.4877234E-05
        1817  3.4877234E-05
        1818  3.4877234E-05
        1819  0.0000000E+00
        1820  3.4877234E-05
        1821  0.0000000E+00
        1822  0.0000000E+00
        1823  3.4877234E-05
        1824  3.4877234E-05
        1825  0.0000000E+00
        1826  0.0000000E+00
        1827  6.9754467E-05
        1828  0.0000000E+00
        1829  0.0000000E+00
        1830  0.0000000E+00
        1831  0.0000000E+00
        1832  0.0000000E+00
        1833  0.0000000E+00
        1834  0.0000000E+00
        1835  0.0000000E+00
        1836  3.4877234E-05
        1837  0.0000000E+00
        1838  3.4877234E-05
        1839  0.0000000E+00
        1840  0.0000000E+00
        1841  3.4877234E-05
        1842  6.9754467E-05
        1843  0.0000000E+00
        1844  3.4877234E-05
        1845  3.4877234E-05
        1846  3.4877234E-05
        1847  0.0000000E+00
        1848  0.0000000E+00
        1849  0.0000000E+00
        1850  0.0000000E+00
        1851  0.0000000E+00
        1852  0.0000000E+00
        1853  0.0000000E+00
        1854  0.0000000E+00
        1855  0.0000000E+00
        1856  0.0000000E+00
        1857  0.0000000E+00
        1858  0.0000000E+00
        1859  0.0000000E+00
        1860  0.0000000E+00
        1861  0.0000000E+00
        1862  0.0000000E+00
        1863  0.0000000E+00
        1864  0.0000000E+00
        1865  0.0000000E+00
        1866  0.0000000E+00
        1867  0.0000000E+00
        1868  0.0000000E+00
        1869  0.0000000E+00
        1870  0.0000000E+00
        1871  3.4877234E-05
        1872  0.0000000E+00
        1873  0.0000000E+00
        1874  0.0000000E+00
        1875  0.0000000E+00
        1876  0.0000000E+00
        1877  0.0000000E+00
        1878  0.0000000E+00
        1879  0.0000000E+00
        1880  0.0000000E+00
        1881  0.0000000E+00
        1882  0.0000000E+00
        1883  0.0000000E+00
        1884  0.0000000E+00
        1885  0.0000000E+00
        1886  0.0000000E+00
        1887  0.0000000E+00
        1888  0.0000000E+00
        1889  3.4877234E-05
        1890  0.0000000E+00
        1891  0.0000000E+00
        1892  0.0000000E+00
        1893  0.0000000E+00
        1894  0.0000000E+00
        1895  0.0000000E+00
        1896  0.0000000E+00
        1897  0.0000000E+00
        1898  0.0000000E+00
        1899  0.0000000E+00
        1900  0.0000000E+00
        1901  0.0000000E+00
        1902  0.0000000E+00
        1903  0.0000000E+00
        1904  0.0000000E+00
        1905  0.0000000E+00
        1906  3.4877234E-05
        1907  0.0000000E+00
        1908  0.0000000E+00
        1909  0.0000000E+00
        1910  0.0000000E+00
        1911  0.0000000E+00
        1912  0.0000000E+00
        1913  0.0000000E+00
        1914  0.0000000E+00
        1915  0.0000000E+00
        1916  0.0000000E+00
        1917  0.0000000E+00
        1918  0.0000000E+00
        1919  0.0000000E+00
        1920  0.0000000E+00
        1921  0.0000000E+00
        1922  0.0000000E+00
        1923  0.0000000E+00
        1924  0.0000000E+00
        1925  0.0000000E+00
        1926  0.0000000E+00
        1927  0.0000000E+00
        1928  0.0000000E+00
        1929  0.0000000E+00
        1930  0.0000000E+00
        1931  0.0000000E+00
        1932  0.0000000E+00
        1933  0.0000000E+00
        1934  0.0000000E+00
        1935  0.0000000E+00
        1936  0.0000000E+00
        1937  0.0000000E+00
        1938  0.0000000E+00
        1939  0.0000000E+00
        1940  0.0000000E+00
        1941  0.0000000E+00
        1942  0.0000000E+00
        1943  0.0000000E+00
        1944  0.0000000E+00
        1945  0.0000000E+00
        1946  0.0000000E+00
        1947  0.0000000E+00
        1948  0.0000000E+00
        1949  0.0000000E+00
        1950  0.0000000E+00
        1951  0.0000000E+00
        1952  0.0000000E+00
        1953  0.0000000E+00
        1954  0.0000000E+00
        1955  0.0000000E+00
        1956  0.0000000E+00
        1957  0.0000000E+00
        1958  0.0000000E+00
        1959  0.0000000E+00
        1960  0.0000000E+00
        1961  0.0000000E+00
        1962  0.0000000E+00
        1963  0.0000000E+00
        1964  0.0000000E+00
        1965  0.0000000E+00
        1966  0.0000000E+00
        1967  0.0000000E+00
        1968  0.0000000E+00
        1969  0.0000000E+00
        1970  0.0000000E+00
        1971  0.0000000E+00
        1972  0.0000000E+00
        1973  0.0000000E+00
        1974  0.0000000E+00
        1975  0.0000000E+00
        1976  0.0000000E+00
        1977  0.0000000E+00
        1978  0.0000000E+00
        1979  0.0000000E+00
        1980  0.0000000E+00
        1981  0.0000000E+00
        1982  0.0000000E+00
        1983  0.0000000E+00
        1984  0.0000000E+00
        1985  0.0000000E+00
        1986  0.0000000E+00
        1987  0.0000000E+00
        1988  0.0000000E+00
        1989  0.0000000E+00
        1990  0.0000000E+00
        1991  0.0000000E+00
        1992  0.0000000E+00
        1993  0.0000000E+00
        1994  0.0000000E+00
        1995  0.0000000E+00
        1996  0.0000000E+00
        1997  0.0000000E+00
        1998  0.0000000E+00
        1999  0.0000000E+00
        2000  0.0000000E+00
        2001  0.0000000E+00
        2002  0.0000000E+00
        2003  0.0000000E+00
        2004  0.0000000E+00
        2005  0.0000000E+00
        2006  0.0000000E+00
        2007  0.0000000E+00
        2008  0.0000000E+00
        2009  0.0000000E+00
        2010  0.0000000E+00
        2011  0.0000000E+00
        2012  0.0000000E+00
        2013  0.0000000E+00
        2014  0.0000000E+00
        2015  0.0000000E+00
        2016  0.0000000E+00
        2017  0.0000000E+00
        2018  0.0000000E+00
        2019  0.0000000E+00
        2020  0.0000000E+00
        2021  0.0000000E+00
        2022  0.0000000E+00
        2023  0.0000000E+00
        2024  0.0000000E+00
        2025  0.0000000E+00
        2026  0.0000000E+00
        2027  0.0000000E+00
        2028  0.0000000E+00
        2029  0.0000000E+00
        2030  0.0000000E+00
        2031  0.0000000E+00
        2032  0.0000000E+00
        2033  0.0000000E+00
        2034  0.0000000E+00
        2035  0.0000000E+00
        2036  0.0000000E+00
        2037  0.0000000E+00
        2038  0.0000000E+00
        2039  0.0000000E+00
        2040  0.0000000E+00
        2041  0.0000000E+00
        2042  0.0000000E+00
        2043  0.0000000E+00
        2044  0.0000000E+00
        2045  0.0000000E+00
        2046  0.0000000E+00
        2047  0.0000000E+00
        2048  0.0000000E+00
