           0  3.4984034E-02 -1.4093195E-02
           1  6.6878781E-02 -1.1914936E-02
           2  0.1191405     -8.4312875E-03
           3  0.1736976     -4.8425007E-03
           4  0.2195548     -1.8021574E-03
           5  0.2503179      2.6016796E-04
           6  0.2659069      1.2899450E-03
           7  0.2731708      1.7530656E-03
           8  0.2762477      1.9236251E-03
           9  0.2765898      1.9163117E-03
          10  0.2751688      1.7990249E-03
          11  0.2734254      1.6706281E-03
          12  0.2714525      1.5221037E-03
          13  0.2702473      1.4260482E-03
          14  0.2703667      1.4046383E-03
          15  0.2715703      1.4689786E-03
          16  0.2709329      1.4127329E-03
          17  0.2682999      1.2333125E-03
          18  0.2676392      1.1788156E-03
          19  0.2687022      1.2361350E-03
          20  0.2691439      1.2607960E-03
          21  0.2686248      1.2309604E-03
          22  0.2689596      1.2618077E-03
          23  0.2694324      1.2918195E-03
          24  0.2693458      1.2795518E-03
          25  0.2695139      1.2801157E-03
          26  0.2702179      1.3309616E-03
          27  0.2699070      1.3148255E-03
          28  0.2681771      1.2075531E-03
          29  0.2663134      1.0823424E-03
          30  0.2659241      1.0496515E-03
          31  0.2665608      1.0911956E-03
          32  0.2668419      1.1278468E-03
          33  0.2668566      1.1302566E-03
          34  0.2672223      1.1451842E-03
          35  0.2677860      1.1801183E-03
          36  0.2693708      1.2806440E-03
          37  0.2703202      1.3363408E-03
          38  0.2698498      1.2957398E-03
          39  0.2690139      1.2352146E-03
          40  0.2675346      1.1419401E-03
          41  0.2659479      1.0365553E-03
          42  0.2670037      1.1058109E-03
          43  0.2692651      1.2623286E-03
          44  0.2685705      1.2191912E-03
          45  0.2657644      1.0388689E-03
          46  0.2660698      1.0583226E-03
          47  0.2691457      1.2555468E-03
          48  0.2690904      1.2509702E-03
          49  0.2677129      1.1617570E-03
          50  0.2688458      1.2339500E-03
          51  0.2692417      1.2607614E-03
          52  0.2678023      1.1692046E-03
          53  0.2673280      1.1470612E-03
          54  0.2690613      1.2560317E-03
          55  0.2706558      1.3497308E-03
          56  0.2690283      1.2468247E-03
          57  0.2658751      1.0462364E-03
          58  0.2647318      9.7782142E-04
          59  0.2642183      9.3757192E-04
          60  0.2632377      8.5769763E-04
          61  0.2630401      8.3746371E-04
          62  0.2639744      9.0512121E-04
          63  0.2652796      9.9950400E-04
          64  0.2659188      1.0425117E-03
          65  0.2667894      1.1025402E-03
          66  0.2681970      1.1998311E-03
          67  0.2696158      1.2977250E-03
          68  0.2691343      1.2677942E-03
          69  0.2665052      1.0942799E-03
          70  0.2647625      9.7512046E-04
          71  0.2650505      9.8486186E-04
          72  0.2658294      1.0347796E-03
          73  0.2655943      1.0277064E-03
          74  0.2647151      9.8326383E-04
          75  0.2668552      1.1169817E-03
          76  0.2700512      1.3185123E-03
          77  0.2700212      1.3100629E-03
          78  0.2690229      1.2415115E-03
          79  0.2678702      1.1617886E-03
          80  0.2671883      1.1283400E-03
          81  0.2687546      1.2283347E-03
          82  0.2697392      1.2771847E-03
          83  0.2688953      1.2271371E-03
          84  0.2674184      1.1340115E-03
          85  0.2671646      1.1184361E-03
          86  0.2680289      1.1802081E-03
          87  0.2682075      1.1950557E-03
          88  0.2680463      1.1816241E-03
          89  0.2681662      1.1826977E-03
          90  0.2671432      1.1027252E-03
          91  0.2648972      9.6151431E-04
          92  0.2627926      8.3874183E-04
          93  0.2638133      9.0633926E-04
          94  0.2667963      1.0954085E-03
          95  0.2672288      1.1260817E-03
          96  0.2666493      1.0965802E-03
          97  0.2681910      1.2002799E-03
          98  0.2683868      1.2120904E-03
          99  0.2669875      1.1189043E-03
         100  0.2665588      1.0869487E-03
         101  0.2668490      1.1028219E-03
         102  0.2673656      1.1276208E-03
         103  0.2674000      1.1337817E-03
         104  0.2687296      1.2277866E-03
         105  0.2711793      1.3834130E-03
         106  0.2694039      1.2588653E-03
         107  0.2656375      1.0177448E-03
         108  0.2656997      1.0123403E-03
         109  0.2668956      1.0841425E-03
         110  0.2673755      1.1266468E-03
         111  0.2677608      1.1678556E-03
         112  0.2680748      1.1922445E-03
         113  0.2677830      1.1693918E-03
         114  0.2668961      1.1136901E-03
         115  0.2669876      1.1158130E-03
         116  0.2673657      1.1357907E-03
         117  0.2665143      1.0838291E-03
         118  0.2653365      1.0056682E-03
         119  0.2648867      9.8833325E-04
         120  0.2651507      1.0048228E-03
         121  0.2662328      1.0629667E-03
         122  0.2659491      1.0415594E-03
         123  0.2647794      9.6621906E-04
         124  0.2661726      1.0543509E-03
         125  0.2688108      1.2189187E-03
         126  0.2688929      1.2285274E-03
         127  0.2674632      1.1320632E-03
         128  0.2654975      1.0085092E-03
         129  0.2648257      9.7304059E-04
         130  0.2653294      1.0125352E-03
         131  0.2659627      1.0511806E-03
         132  0.2672799      1.1332437E-03
         133  0.2694160      1.2687502E-03
         134  0.2706268      1.3470452E-03
         135  0.2692588      1.2531020E-03
         136  0.2665357      1.0813152E-03
         137  0.2658883      1.0253091E-03
         138  0.2667067      1.0591695E-03
         139  0.2660584      1.0129936E-03
         140  0.2646725      9.2615950E-04
         141  0.2658571      1.0114334E-03
         142  0.2674708      1.1240101E-03
         143  0.2670524      1.1093817E-03
         144  0.2667389      1.0945390E-03
         145  0.2673102      1.1266638E-03
         146  0.2681995      1.1842838E-03
         147  0.2684768      1.1991087E-03
         148  0.2672869      1.1180409E-03
         149  0.2662856      1.0573452E-03
         150  0.2662579      1.0568030E-03
         151  0.2655251      1.0053790E-03
         152  0.2653530      9.9160464E-04
         153  0.2662910      1.0567631E-03
         154  0.2673277      1.1214860E-03
         155  0.2686614      1.2115106E-03
         156  0.2702750      1.3118276E-03
         157  0.2705924      1.3217253E-03
         158  0.2690312      1.2221354E-03
         159  0.2672270      1.1047480E-03
         160  0.2670922      1.0921682E-03
         161  0.2683689      1.1707976E-03
         162  0.2687773      1.2002438E-03
         163  0.2678785      1.1390551E-03
         164  0.2672777      1.0969635E-03
         165  0.2670621      1.0931299E-03
         166  0.2663471      1.0592246E-03
         167  0.2664371      1.0694910E-03
         168  0.2665414      1.0677087E-03
         169  0.2664665      1.0608308E-03
         170  0.2671341      1.1116893E-03
         171  0.2684044      1.1993261E-03
         172  0.2706545      1.3402180E-03
         173  0.2727199      1.4569095E-03
         174  0.2731695      1.4823111E-03
         175  0.2711958      1.3434266E-03
         176  0.2675988      1.1150979E-03
         177  0.2647897      9.3454664E-04
         178  0.2628079      8.1370847E-04
         179  0.2610893      7.0946949E-04
         180  0.2619884      7.7444920E-04
         181  0.2647595      9.4502477E-04
         182  0.2661134      1.0309016E-03
         183  0.2662666      1.0429212E-03
         184  0.2667659      1.0721172E-03
         185  0.2691761      1.2267586E-03
         186  0.2714163      1.3705936E-03
         187  0.2700274      1.2868230E-03
         188  0.2678395      1.1434552E-03
         189  0.2680196      1.1518312E-03
         190  0.2684097      1.1771395E-03
         191  0.2683508      1.1658651E-03
         192  0.2673953      1.1054234E-03
         193  0.2664883      1.0554742E-03
         194  0.2690284      1.2214241E-03
         195  0.2713487      1.3630949E-03
         196  0.2708250      1.3325820E-03
         197  0.2695214      1.2633478E-03
         198  0.2681287      1.1864675E-03
         199  0.2667501      1.0976323E-03
         200  0.2663874      1.0733476E-03
         201  0.2664312      1.0729664E-03
         202  0.2666382      1.0867264E-03
         203  0.2669007      1.0958357E-03
         204  0.2660701      1.0379358E-03
         205  0.2655912      1.0116238E-03
         206  0.2648608      9.7568857E-04
         207  0.2638686      9.0734166E-04
         208  0.2640509      9.1394864E-04
         209  0.2650785      9.7942329E-04
         210  0.2658400      1.0360470E-03
         211  0.2661789      1.0493953E-03
         212  0.2659042      1.0180931E-03
         213  0.2661212      1.0213073E-03
         214  0.2679235      1.1388555E-03
         215  0.2690139      1.2147652E-03
         216  0.2684770      1.1835507E-03
         217  0.2678306      1.1417829E-03
         218  0.2679598      1.1520911E-03
         219  0.2669244      1.0893422E-03
         220  0.2664261      1.0531439E-03
         221  0.2674523      1.1239328E-03
         222  0.2670098      1.1050290E-03
         223  0.2672382      1.1223635E-03
         224  0.2686530      1.2083694E-03
         225  0.2681520      1.1782093E-03
         226  0.2664126      1.0635370E-03
         227  0.2666457      1.0683151E-03
         228  0.2692849      1.2243538E-03
         229  0.2700791      1.2723800E-03
         230  0.2682783      1.1682239E-03
         231  0.2673229      1.1065367E-03
         232  0.2679175      1.1352053E-03
         233  0.2681182      1.1466055E-03
         234  0.2687324      1.1877085E-03
         235  0.2681065      1.1551408E-03
         236  0.2661591      1.0392173E-03
         237  0.2659353      1.0214582E-03
         238  0.2677706      1.1397490E-03
         239  0.2692225      1.2295261E-03
         240  0.2702388      1.2966860E-03
         241  0.2700483      1.2818241E-03
         242  0.2694476      1.2400228E-03
         243  0.2701415      1.2824150E-03
         244  0.2710687      1.3512195E-03
         245  0.2702016      1.2997098E-03
         246  0.2679910      1.1664864E-03
         247  0.2665854      1.0723077E-03
         248  0.2669223      1.0756018E-03
         249  0.2664981      1.0474385E-03
         250  0.2658171      1.0111547E-03
         251  0.2658268      1.0130440E-03
         252  0.2669329      1.0792834E-03
         253  0.2666628      1.0665456E-03
         254  0.2669306      1.0823481E-03
         255  0.2693498      1.2365456E-03
         256  0.2712761      1.3619952E-03
         257  0.2705335      1.3089773E-03
         258  0.2667189      1.0602408E-03
         259  0.2642943      9.0246234E-04
         260  0.2650838      9.4462238E-04
         261  0.2665469      1.0372342E-03
         262  0.2676539      1.1054020E-03
         263  0.2687068      1.1698493E-03
         264  0.2692851      1.2132365E-03
         265  0.2682376      1.1586940E-03
         266  0.2666408      1.0698235E-03
         267  0.2682239      1.1656923E-03
         268  0.2715245      1.3689498E-03
         269  0.2714984      1.3695030E-03
         270  0.2696148      1.2498907E-03
         271  0.2689536      1.2033988E-03
         272  0.2680908      1.1437021E-03
         273  0.2682400      1.1483234E-03
         274  0.2683780      1.1551958E-03
         275  0.2667923      1.0638962E-03
         276  0.2664829      1.0487617E-03
         277  0.2664565      1.0462813E-03
         278  0.2651167      9.6212712E-04
         279  0.2648227      9.4774971E-04
         280  0.2652644      9.7777857E-04
         281  0.2659452      1.0196493E-03
         282  0.2672001      1.0875916E-03
         283  0.2685043      1.1636346E-03
         284  0.2694430      1.2228125E-03
         285  0.2686466      1.1696069E-03
         286  0.2681992      1.1443151E-03
         287  0.2681589      1.1449866E-03
         288  0.2678617      1.1229931E-03
         289  0.2684198      1.1617712E-03
         290  0.2682492      1.1489114E-03
         291  0.2684253      1.1584203E-03
         292  0.2690313      1.1923367E-03
         293  0.2683487      1.1401022E-03
         294  0.2669809      1.0498023E-03
         295  0.2662646      1.0015543E-03
         296  0.2665425      1.0198366E-03
         297  0.2681347      1.1331233E-03
         298  0.2688102      1.1878539E-03
         299  0.2666698      1.0610040E-03
         300  0.2656811      9.9853927E-04
         301  0.2671963      1.0844403E-03
         302  0.2688506      1.1876876E-03
         303  0.2706428      1.3097152E-03
         304  0.2715657      1.3728936E-03
         305  0.2711113      1.3365985E-03
         306  0.2694662      1.2231850E-03
         307  0.2671052      1.0765448E-03
         308  0.2671968      1.0903977E-03
         309  0.2697294      1.2556624E-03
         310  0.2703679      1.2898896E-03
         311  0.2669615      1.0788328E-03
         312  0.2647446      9.4275136E-04
         313  0.2656228      9.9100557E-04
         314  0.2667362      1.0521662E-03
         315  0.2666011      1.0324932E-03
         316  0.2664484      1.0229644E-03
         317  0.2665479      1.0289182E-03
         318  0.2674933      1.0926782E-03
         319  0.2693026      1.2101164E-03
         320  0.2702450      1.2706562E-03
         321  0.2700351      1.2626613E-03
         322  0.2697584      1.2461364E-03
         323  0.2693823      1.2228101E-03
         324  0.2679103      1.1296206E-03
         325  0.2673609      1.0943060E-03
         326  0.2668049      1.0516143E-03
         327  0.2668324      1.0458702E-03
         328  0.2681714      1.1285485E-03
         329  0.2694342      1.2015373E-03
         330  0.2691142      1.1830276E-03
         331  0.2681329      1.1407273E-03
         332  0.2681782      1.1509430E-03
         333  0.2685150      1.1715665E-03
         334  0.2680308      1.1368301E-03
         335  0.2677058      1.1213303E-03
         336  0.2677104      1.1193088E-03
         337  0.2675230      1.0991169E-03
         338  0.2669163      1.0559942E-03
         339  0.2675306      1.0900458E-03
         340  0.2683602      1.1469936E-03
         341  0.2684442      1.1629089E-03
         342  0.2688875      1.1868641E-03
         343  0.2688799      1.1814355E-03
         344  0.2692724      1.2061689E-03
         345  0.2709537      1.3109763E-03
         346  0.2706826      1.2907602E-03
         347  0.2686165      1.1610358E-03
         348  0.2673145      1.0870261E-03
         349  0.2671551      1.0765893E-03
         350  0.2668175      1.0562304E-03
         351  0.2648650      9.3881536E-04
         352  0.2648537      9.4282272E-04
         353  0.2677742      1.1244442E-03
         354  0.2693419      1.2167969E-03
         355  0.2692264      1.2149470E-03
         356  0.2685672      1.1747995E-03
         357  0.2684587      1.1672225E-03
         358  0.2697527      1.2470969E-03
         359  0.2697274      1.2416641E-03
         360  0.2689207      1.1867165E-03
         361  0.2695925      1.2299906E-03
         362  0.2700751      1.2645342E-03
         363  0.2701875      1.2709440E-03
         364  0.2702432      1.2733804E-03
         365  0.2690995      1.1951452E-03
         366  0.2675498      1.0984392E-03
         367  0.2666220      1.0329449E-03
         368  0.2660800      9.9356018E-04
         369  0.2670621      1.0460981E-03
         370  0.2693857      1.1993169E-03
         371  0.2702375      1.2645851E-03
         372  0.2699262      1.2428919E-03
         373  0.2695071      1.2139753E-03
         374  0.2686536      1.1637425E-03
         375  0.2676124      1.1011610E-03
         376  0.2674798      1.0943393E-03
         377  0.2687082      1.1666558E-03
         378  0.2698031      1.2295098E-03
         379  0.2694310      1.2008866E-03
         380  0.2680358      1.1092721E-03
         381  0.2665974      1.0242901E-03
         382  0.2666724      1.0347361E-03
         383  0.2671871      1.0721637E-03
         384  0.2662397      1.0043583E-03
         385  0.2651935      9.2786161E-04
         386  0.2653245      9.4400032E-04
         387  0.2669033      1.0476186E-03
         388  0.2689030      1.1808189E-03
         389  0.2701752      1.2563579E-03
         390  0.2711340      1.3178830E-03
         391  0.2705545      1.2742359E-03
         392  0.2695247      1.2020465E-03
         393  0.2687783      1.1595391E-03
         394  0.2686761      1.1641992E-03
         395  0.2699475      1.2434291E-03
         396  0.2703067      1.2693602E-03
         397  0.2692505      1.2158251E-03
         398  0.2699759      1.2490730E-03
         399  0.2699726      1.2318817E-03
         400  0.2685750      1.1422482E-03
         401  0.2682260      1.1241406E-03
         402  0.2689587      1.1690626E-03
         403  0.2696691      1.2122858E-03
         404  0.2694854      1.2014833E-03
         405  0.2681178      1.1186430E-03
         406  0.2677005      1.0892304E-03
         407  0.2679985      1.1120017E-03
         408  0.2665626      1.0260771E-03
         409  0.2646889      9.0930605E-04
         410  0.2649008      9.2381286E-04
         411  0.2666559      1.0352804E-03
         412  0.2681870      1.1226243E-03
         413  0.2693970      1.1924914E-03
         414  0.2697355      1.2159478E-03
         415  0.2700481      1.2349926E-03
         416  0.2695617      1.2109472E-03
         417  0.2691081      1.1866485E-03
         418  0.2702125      1.2523553E-03
         419  0.2706547      1.2695823E-03
         420  0.2700307      1.2294723E-03
         421  0.2699637      1.2309535E-03
         422  0.2696981      1.2244640E-03
         423  0.2678254      1.1102809E-03
         424  0.2661655      1.0066603E-03
         425  0.2662791      1.0191846E-03
         426  0.2671194      1.0658639E-03
         427  0.2672350      1.0623337E-03
         428  0.2663280      1.0135447E-03
         429  0.2667862      1.0559870E-03
         430  0.2681912      1.1345054E-03
         431  0.2691922      1.2061596E-03
         432  0.2690066      1.1971456E-03
         433  0.2672279      1.0762776E-03
         434  0.2654574      9.6336252E-04
         435  0.2662344      1.0057434E-03
         436  0.2680275      1.1177480E-03
         437  0.2684421      1.1409846E-03
         438  0.2690111      1.1763988E-03
         439  0.2696404      1.2212135E-03
         440  0.2684715      1.1493762E-03
         441  0.2672383      1.0698017E-03
         442  0.2682363      1.1218532E-03
         443  0.2696635      1.2062534E-03
         444  0.2692989      1.1923359E-03
         445  0.2671917      1.0781548E-03
         446  0.2657902      9.8796852E-04
         447  0.2680885      1.1259451E-03
         448  0.2709680      1.3071664E-03
         449  0.2714227      1.3377781E-03
         450  0.2699543      1.2462435E-03
         451  0.2681135      1.1248620E-03
         452  0.2683594      1.1417455E-03
         453  0.2687227      1.1644221E-03
         454  0.2674987      1.0832133E-03
         455  0.2663592      1.0060660E-03
         456  0.2673127      1.0631068E-03
         457  0.2685389      1.1398672E-03
         458  0.2683744      1.1345709E-03
         459  0.2688346      1.1579957E-03
         460  0.2699551      1.2205887E-03
         461  0.2703147      1.2462374E-03
         462  0.2693977      1.1953961E-03
         463  0.2679824      1.1038567E-03
         464  0.2671695      1.0467694E-03
         465  0.2666015      1.0098453E-03
         466  0.2668433      1.0273090E-03
         467  0.2679448      1.0968546E-03
         468  0.2680778      1.1103791E-03
         469  0.2676874      1.0835007E-03
         470  0.2671904      1.0488278E-03
         471  0.2656545      9.5615018E-04
         472  0.2663119      1.0033167E-03
         473  0.2681525      1.1168290E-03
         474  0.2693369      1.1844451E-03
         475  0.2700859      1.2294073E-03
         476  0.2682524      1.1266681E-03
         477  0.2661379      9.9480769E-04
         478  0.2666202      1.0328169E-03
         479  0.2683069      1.1336186E-03
         480  0.2690681      1.1800214E-03
         481  0.2693508      1.1920722E-03
         482  0.2692783      1.1915503E-03
         483  0.2682538      1.1348973E-03
         484  0.2673370      1.0710049E-03
         485  0.2668563      1.0441993E-03
         486  0.2680144      1.1153785E-03
         487  0.2705357      1.2689233E-03
         488  0.2700169      1.2372151E-03
         489  0.2668143      1.0334180E-03
         490  0.2654145      9.3904475E-04
         491  0.2668293      1.0259355E-03
         492  0.2672271      1.0566369E-03
         493  0.2656758      9.7063289E-04
         494  0.2655393      9.6224423E-04
         495  0.2677482      1.0926105E-03
         496  0.2677836      1.0892687E-03
         497  0.2666963      1.0110682E-03
         498  0.2657329      9.4923360E-04
         499  0.2649650      9.0266019E-04
         500  0.2657402      9.4400009E-04
         501  0.2673619      1.0445005E-03
         502  0.2674632      1.0621564E-03
         503  0.2675360      1.0757482E-03
         504  0.2686034      1.1494592E-03
         505  0.2698294      1.2290450E-03
         506  0.2704720      1.2709160E-03
         507  0.2693806      1.1981989E-03
         508  0.2667208      1.0241322E-03
         509  0.2666739      1.0192571E-03
         510  0.2693680      1.1817033E-03
         511  0.2709922      1.2854349E-03
         512  0.2713564      1.3124828E-03
         513  0.2705159      1.2473942E-03
         514  0.2689101      1.1407995E-03
         515  0.2677557      1.0753599E-03
         516  0.2668134      1.0171429E-03
         517  0.2667501      1.0037191E-03
         518  0.2681212      1.0811921E-03
         519  0.2690746      1.1495518E-03
         520  0.2687897      1.1344707E-03
         521  0.2681082      1.0929496E-03
         522  0.2676454      1.0614084E-03
         523  0.2681073      1.0875803E-03
         524  0.2692350      1.1504964E-03
         525  0.2687359      1.1273113E-03
         526  0.2674819      1.0563442E-03
         527  0.2677923      1.0793253E-03
         528  0.2681144      1.1157084E-03
         529  0.2683915      1.1435824E-03
         530  0.2689674      1.1773653E-03
         531  0.2685443      1.1482440E-03
         532  0.2677385      1.1003691E-03
         533  0.2676968      1.0965847E-03
         534  0.2686171      1.1431042E-03
         535  0.2682523      1.1123493E-03
         536  0.2669381      1.0315435E-03
         537  0.2662902      9.8825863E-04
         538  0.2660532      9.6213497E-04
         539  0.2678515      1.0738602E-03
         540  0.2699777      1.2000328E-03
         541  0.2695521      1.1710788E-03
         542  0.2680463      1.0732517E-03
         543  0.2675961      1.0475095E-03
         544  0.2682874      1.0899248E-03
         545  0.2691398      1.1394667E-03
         546  0.2680753      1.0837765E-03
         547  0.2668645      1.0084927E-03
         548  0.2669216      1.0085428E-03
         549  0.2671250      1.0291744E-03
         550  0.2679305      1.0707786E-03
         551  0.2683922      1.0862550E-03
         552  0.2683531      1.0990120E-03
         553  0.2687360      1.1421789E-03
         554  0.2689160      1.1646763E-03
         555  0.2692725      1.1812254E-03
         556  0.2691048      1.1540508E-03
         557  0.2688843      1.1280688E-03
         558  0.2676583      1.0492001E-03
         559  0.2649174      8.7904336E-04
         560  0.2639677      8.2688779E-04
         561  0.2645854      8.6222572E-04
         562  0.2655545      9.2708785E-04
         563  0.2664792      9.9186378E-04
         564  0.2674320      1.0443251E-03
         565  0.2682186      1.0885301E-03
         566  0.2684129      1.1068460E-03
         567  0.2688739      1.1328507E-03
         568  0.2675644      1.0570933E-03
         569  0.2658471      9.6213148E-04
         570  0.2657683      9.5072569E-04
         571  0.2664303      9.8109641E-04
         572  0.2679262      1.0568603E-03
         573  0.2687240      1.1004020E-03
         574  0.2675857      1.0432662E-03
         575  0.2671117      1.0204922E-03
         576  0.2668667      9.9544716E-04
         577  0.2657072      9.2059845E-04
         578  0.2655080      9.2055916E-04
         579  0.2672458      1.0283120E-03
         580  0.2681207      1.0678655E-03
         581  0.2677210      1.0432581E-03
         582  0.2681071      1.0811485E-03
         583  0.2683272      1.1008646E-03
         584  0.2687037      1.1261015E-03
         585  0.2696381      1.1894153E-03
         586  0.2689804      1.1613419E-03
         587  0.2678787      1.0873680E-03
         588  0.2678297      1.0782060E-03
         589  0.2675863      1.0624364E-03
         590  0.2678089      1.0699546E-03
         591  0.2683334      1.1049703E-03
         592  0.2677808      1.0622527E-03
         593  0.2676444      1.0578994E-03
         594  0.2689555      1.1407705E-03
         595  0.2695788      1.1784596E-03
         596  0.2694523      1.1775648E-03
         597  0.2699518      1.2135440E-03
         598  0.2694845      1.1810056E-03
         599  0.2689543      1.1351288E-03
         600  0.2683201      1.0957852E-03
         601  0.2677430      1.0664617E-03
         602  0.2682828      1.1002107E-03
         603  0.2690587      1.1448442E-03
         604  0.2693560      1.1578717E-03
         605  0.2696708      1.1674972E-03
         606  0.2694249      1.1565607E-03
         607  0.2682606      1.0972023E-03
         608  0.2676800      1.0551431E-03
         609  0.2684768      1.1034940E-03
         610  0.2685269      1.1112688E-03
         611  0.2679268      1.0651245E-03
         612  0.2700745      1.1956615E-03
         613  0.2718912      1.3110359E-03
         614  0.2709693      1.2542235E-03
         615  0.2686841      1.1178929E-03
         616  0.2674758      1.0380407E-03
         617  0.2673309      1.0352918E-03
         618  0.2661611      9.6136762E-04
         619  0.2667524      9.8007463E-04
         620  0.2681668      1.0695541E-03
         621  0.2666874      9.8337152E-04
         622  0.2661019      9.4016251E-04
         623  0.2678669      1.0494244E-03
         624  0.2684491      1.0917797E-03
         625  0.2678896      1.0666967E-03
         626  0.2667961      9.9258998E-04
         627  0.2665502      9.7127532E-04
         628  0.2679724      1.0556112E-03
         629  0.2676952      1.0405650E-03
         630  0.2669126      9.9070277E-04
         631  0.2674758      1.0319286E-03
         632  0.2676133      1.0326827E-03
         633  0.2674805      1.0142077E-03
         634  0.2665839      9.6445950E-04
         635  0.2656649      9.1479439E-04
         636  0.2673902      1.0251105E-03
         637  0.2699216      1.1797624E-03
         638  0.2694660      1.1535132E-03
         639  0.2694101      1.1397143E-03
         640  0.2709367      1.2254603E-03
         641  0.2711402      1.2439608E-03
         642  0.2703973      1.1953703E-03
         643  0.2704900      1.1993069E-03
         644  0.2707774      1.2241165E-03
         645  0.2699097      1.1745302E-03
         646  0.2675010      1.0277715E-03
         647  0.2666656      9.7168109E-04
         648  0.2676638      1.0262274E-03
         649  0.2674964      1.0249913E-03
         650  0.2672553      1.0112696E-03
         651  0.2681276      1.0511955E-03
         652  0.2693235      1.1179110E-03
         653  0.2698340      1.1572345E-03
         654  0.2700336      1.1824707E-03
         655  0.2705268      1.2198243E-03
         656  0.2715903      1.2924391E-03
         657  0.2703096      1.2188818E-03
         658  0.2679648      1.0799606E-03
         659  0.2695556      1.1794155E-03
         660  0.2707431      1.2425861E-03
         661  0.2691316      1.1332430E-03
         662  0.2675339      1.0398716E-03
         663  0.2668824      1.0052394E-03
         664  0.2661242      9.5463713E-04
         665  0.2656479      9.2042243E-04
         666  0.2661851      9.4556535E-04
         667  0.2673306      1.0039358E-03
         668  0.2680851      1.0435211E-03
         669  0.2686053      1.0763588E-03
         670  0.2687528      1.0908371E-03
         671  0.2680967      1.0596307E-03
         672  0.2664300      9.5616613E-04
         673  0.2652009      8.8074879E-04
         674  0.2658103      9.1424718E-04
         675  0.2666565      9.7521802E-04
         676  0.2678026      1.0416392E-03
         677  0.2694489      1.1365410E-03
         678  0.2689835      1.1183521E-03
         679  0.2675629      1.0403966E-03
         680  0.2675722      1.0388498E-03
         681  0.2676566      1.0390888E-03
         682  0.2679533      1.0423320E-03
         683  0.2692378      1.1060428E-03
         684  0.2682272      1.0485168E-03
         685  0.2657419      9.0088247E-04
         686  0.2660299      9.1578317E-04
         687  0.2680055      1.0346046E-03
         688  0.2690870      1.0989064E-03
         689  0.2692483      1.1137784E-03
         690  0.2687736      1.0883792E-03
         691  0.2679389      1.0306130E-03
         692  0.2671799      9.8587200E-04
         693  0.2664972      9.5071847E-04
         694  0.2673171      1.0125648E-03
         695  0.2684235      1.0828606E-03
         696  0.2698829      1.1618948E-03
         697  0.2699749      1.1630241E-03
         698  0.2678317      1.0391260E-03
         699  0.2664636      9.5842627E-04
         700  0.2668525      9.8404079E-04
         701  0.2670715      9.9272886E-04
         702  0.2662522      9.3386776E-04
         703  0.2662297      9.2766003E-04
         704  0.2674384      9.9544600E-04
         705  0.2688667      1.0844995E-03
         706  0.2700704      1.1700559E-03
         707  0.2696333      1.1548848E-03
         708  0.2687691      1.1016601E-03
         709  0.2696678      1.1447547E-03
         710  0.2703245      1.1759589E-03
         711  0.2685110      1.0741882E-03
         712  0.2678628      1.0411745E-03
         713  0.2701465      1.1840920E-03
         714  0.2713032      1.2570994E-03
         715  0.2711061      1.2423461E-03
         716  0.2698376      1.1687779E-03
         717  0.2672310      1.0107883E-03
         718  0.2661745      9.3854684E-04
         719  0.2662565      9.4079366E-04
         720  0.2662980      9.4720809E-04
         721  0.2661479      9.3322538E-04
         722  0.2664052      9.3842286E-04
         723  0.2673330      9.8726689E-04
         724  0.2676335      1.0115574E-03
         725  0.2666144      9.5952017E-04
         726  0.2666489      9.5717923E-04
         727  0.2675686      1.0125421E-03
         728  0.2670404      9.7992993E-04
         729  0.2674963      1.0048276E-03
         730  0.2687280      1.0753486E-03
         731  0.2677509      1.0181579E-03
         732  0.2666172      9.4364170E-04
         733  0.2672543      9.8624302E-04
         734  0.2699240      1.1475690E-03
         735  0.2728533      1.3166767E-03
         736  0.2721276      1.2690928E-03
         737  0.2681190      1.0468755E-03
         738  0.2663470      9.4273902E-04
         739  0.2665882      9.5506961E-04
         740  0.2677217      1.0290854E-03
         741  0.2699497      1.1496653E-03
         742  0.2711661      1.2156283E-03
         743  0.2708561      1.2014790E-03
         744  0.2708741      1.2056377E-03
         745  0.2703246      1.1804112E-03
         746  0.2690064      1.0996321E-03
         747  0.2684736      1.0696683E-03
         748  0.2697350      1.1400543E-03
         749  0.2694605      1.1264666E-03
         750  0.2677183      1.0230540E-03
         751  0.2674615      9.9995744E-04
         752  0.2669837      9.6641219E-04
         753  0.2661206      9.2069933E-04
         754  0.2664216      9.4542524E-04
         755  0.2674631      1.0080325E-03
         756  0.2675589      1.0129785E-03
         757  0.2665187      9.5732865E-04
         758  0.2675202      1.0115637E-03
         759  0.2687655      1.0799945E-03
         760  0.2671871      9.9124282E-04
         761  0.2668280      9.7033288E-04
         762  0.2681924      1.0516157E-03
         763  0.2684624      1.0635884E-03
         764  0.2663156      9.3387289E-04
         765  0.2639274      7.9312158E-04
         766  0.2643660      8.1588869E-04
         767  0.2663317      9.2186412E-04
         768  0.2670638      9.5198984E-04
         769  0.2668180      9.3698694E-04
         770  0.2660534      9.0292009E-04
         771  0.2658512      9.0428413E-04
         772  0.2681380      1.0526711E-03
         773  0.2703446      1.1839641E-03
         774  0.2707266      1.2056924E-03
         775  0.2686722      1.0828340E-03
         776  0.2663109      9.4219012E-04
         777  0.2666543      9.5809891E-04
         778  0.2683169      1.0436415E-03
         779  0.2685568      1.0575872E-03
         780  0.2675258      9.9986535E-04
         781  0.2674747      9.9931320E-04
         782  0.2685761      1.0541215E-03
         783  0.2686355      1.0564851E-03
         784  0.2660954      9.1233983E-04
         785  0.2651021      8.6568162E-04
         786  0.2668553      9.7259512E-04
         787  0.2682998      1.0524514E-03
         788  0.2681599      1.0418615E-03
         789  0.2665440      9.4138517E-04
         790  0.2648225      8.4356498E-04
         791  0.2650067      8.5578440E-04
         792  0.2658657      9.0524770E-04
         793  0.2669166      9.5952925E-04
         794  0.2680254      1.0241873E-03
         795  0.2670925      9.7188837E-04
         796  0.2663055      9.2720625E-04
         797  0.2674687      9.8879240E-04
         798  0.2686782      1.0545144E-03
         799  0.2700816      1.1291031E-03
         800  0.2704190      1.1400478E-03
         801  0.2691187      1.0658478E-03
         802  0.2679898      1.0075771E-03
         803  0.2684411      1.0421411E-03
         804  0.2691934      1.0966548E-03
         805  0.2677857      1.0203273E-03
         806  0.2682922      1.0448992E-03
         807  0.2717603      1.2391441E-03
         808  0.2727053      1.2905567E-03
         809  0.2717507      1.2382636E-03
         810  0.2719373      1.2484894E-03
         811  0.2707465      1.1802260E-03
         812  0.2675998      1.0044324E-03
         813  0.2664582      9.4438944E-04
         814  0.2661799      9.2165603E-04
         815  0.2643275      8.0254039E-04
         816  0.2641710      7.9590816E-04
         817  0.2638336      7.7572238E-04
         818  0.2628058      7.1281113E-04
         819  0.2641419      7.7739998E-04
         820  0.2664419      9.0560742E-04
         821  0.2664143      9.0850500E-04
         822  0.2660144      8.8617794E-04
         823  0.2668228      9.3329803E-04
         824  0.2687340      1.0326606E-03
         825  0.2707212      1.1469201E-03
         826  0.2707604      1.1484871E-03
         827  0.2688825      1.0481132E-03
         828  0.2673833      9.7050524E-04
         829  0.2672015      9.5735659E-04
         830  0.2680878      1.0068201E-03
         831  0.2689488      1.0676421E-03
         832  0.2693085      1.0896713E-03
         833  0.2693070      1.0841318E-03
         834  0.2670198      9.4942114E-04
         835  0.2658388      8.7539945E-04
         836  0.2668497      9.2965545E-04
         837  0.2668344      9.3881658E-04
         838  0.2655427      8.5854722E-04
         839  0.2652405      8.3656516E-04
         840  0.2670529      9.4114477E-04
         841  0.2687815      1.0490352E-03
         842  0.2683056      1.0195723E-03
         843  0.2679498      9.9217216E-04
         844  0.2684771      1.0252101E-03
         845  0.2684898      1.0250377E-03
         846  0.2670808      9.4174978E-04
         847  0.2660944      8.8390888E-04
         848  0.2672866      9.5501688E-04
         849  0.2676634      9.8125567E-04
         850  0.2671550      9.5526484E-04
         851  0.2680036      9.9897594E-04
         852  0.2679583      9.8005065E-04
         853  0.2663088      8.7647798E-04
         854  0.2656881      8.4570237E-04
         855  0.2656103      8.3614432E-04
         856  0.2653587      8.3044317E-04
         857  0.2661284      8.8250358E-04
         858  0.2677538      9.7098202E-04
         859  0.2684109      1.0067445E-03
         860  0.2680888      9.9343841E-04
         861  0.2682773      9.9743681E-04
         862  0.2681677      9.8650623E-04
         863  0.2667009      9.0154988E-04
         864  0.2658361      8.5432443E-04
         865  0.2669882      9.2761021E-04
         866  0.2685844      1.0141834E-03
         867  0.2683008      1.0014125E-03
         868  0.2675030      9.6165627E-04
         869  0.2674543      9.5217297E-04
         870  0.2662955      8.8540046E-04
         871  0.2653015      8.3438057E-04
         872  0.2660957      8.7927264E-04
         873  0.2657202      8.4978348E-04
         874  0.2648832      7.9742272E-04
         875  0.2656332      8.4450649E-04
         876  0.2661373      8.7151449E-04
         877  0.2661241      8.6198805E-04
         878  0.2659263      8.5064658E-04
         879  0.2667251      9.0475573E-04
         880  0.2693790      1.0635892E-03
         881  0.2696398      1.0844959E-03
         882  0.2690161      1.0516281E-03
         883  0.2681518      9.9360128E-04
         884  0.2665269      8.9968555E-04
         885  0.2659594      8.7151356E-04
         886  0.2659996      8.7564572E-04
         887  0.2678775      9.7985554E-04
         888  0.2690558      1.0346312E-03
         889  0.2677666      9.6131902E-04
         890  0.2684805      1.0017959E-03
         891  0.2704808      1.1041856E-03
         892  0.2707852      1.1239769E-03
         893  0.2692939      1.0521461E-03
         894  0.2669443      9.2479930E-04
         895  0.2661295      8.8325317E-04
         896  0.2678206      9.8225696E-04
         897  0.2680972      9.9029602E-04
         898  0.2666033      9.1056776E-04
         899  0.2667856      9.2124380E-04
         900  0.2693883      1.0642915E-03
         901  0.2697915      1.0812986E-03
         902  0.2681729      9.8248257E-04
         903  0.2676862      9.5767109E-04
         904  0.2666605      8.9637603E-04
         905  0.2658576      8.5082790E-04
         906  0.2671932      9.3060220E-04
         907  0.2685232      1.0066421E-03
         908  0.2680025      9.8197081E-04
         909  0.2672023      9.4464107E-04
         910  0.2676110      9.6259027E-04
         911  0.2681150      9.8726701E-04
         912  0.2685805      1.0161733E-03
         913  0.2676510      9.5211010E-04
         914  0.2654004      8.1229315E-04
         915  0.2640097      7.3551899E-04
         916  0.2632851      6.9352012E-04
         917  0.2631743      6.7947002E-04
         918  0.2653285      8.1295671E-04
         919  0.2686038      1.0093254E-03
         920  0.2703257      1.1132561E-03
         921  0.2701842      1.1116603E-03
         922  0.2703607      1.1236856E-03
         923  0.2712519      1.1722433E-03
         924  0.2706385      1.1296037E-03
         925  0.2686996      1.0157913E-03
         926  0.2669855      9.2365843E-04
         927  0.2647196      7.9490413E-04
         928  0.2636111      7.2423136E-04
         929  0.2648625      7.9189712E-04
         930  0.2670296      9.0997445E-04
         931  0.2679608      9.6594729E-04
         932  0.2680591      9.7212486E-04
         933  0.2681425      9.6515001E-04
         934  0.2677904      9.3492784E-04
         935  0.2674147      9.1322832E-04
         936  0.2687858      9.9289184E-04
         937  0.2698290      1.0447302E-03
         938  0.2689302      9.9163980E-04
         939  0.2676478      9.1531017E-04
         940  0.2671854      8.9290267E-04
         941  0.2687257      9.8993524E-04
         942  0.2705505      1.0997957E-03
         943  0.2697343      1.0512028E-03
         944  0.2692510      1.0223396E-03
         945  0.2698507      1.0566105E-03
         946  0.2696203      1.0400284E-03
         947  0.2709182      1.1221291E-03
         948  0.2729974      1.2402302E-03
         949  0.2725412      1.2132084E-03
         950  0.2705420      1.0978628E-03
         951  0.2693090      1.0211873E-03
         952  0.2693445      1.0266720E-03
         953  0.2702009      1.0854691E-03
         954  0.2687443      1.0073808E-03
         955  0.2663698      8.7198510E-04
         956  0.2668191      8.9456618E-04
         957  0.2684437      9.9477510E-04
         958  0.2686397      9.9848933E-04
         959  0.2682026      9.7438548E-04
         960  0.2686566      9.9850399E-04
         961  0.2703127      1.0891270E-03
         962  0.2715770      1.1529522E-03
         963  0.2706489      1.1001170E-03
         964  0.2695531      1.0352273E-03
         965  0.2678851      9.4494130E-04
         966  0.2679041      9.5381559E-04
         967  0.2691498      1.0245478E-03
         968  0.2678213      9.5041265E-04
         969  0.2662840      8.6233031E-04
         970  0.2665615      8.8653126E-04
         971  0.2662130      8.8034518E-04
         972  0.2661757      8.7762839E-04
         973  0.2657165      8.4684970E-04
         974  0.2645495      7.7924033E-04
         975  0.2669044      9.1174163E-04
         976  0.2698566      1.0697889E-03
         977  0.2696903      1.0516882E-03
         978  0.2685803      9.9147402E-04
         979  0.2687159      9.9725206E-04
         980  0.2695235      1.0421757E-03
         981  0.2692243      1.0254978E-03
         982  0.2679631      9.5098082E-04
         983  0.2673160      9.0791326E-04
         984  0.2674402      9.0977718E-04
         985  0.2676390      9.2452153E-04
         986  0.2695154      1.0323446E-03
         987  0.2705571      1.0908517E-03
         988  0.2679951      9.4935595E-04
         989  0.2667802      8.8658772E-04
         990  0.2678674      9.4728597E-04
         991  0.2682613      9.7030582E-04
         992  0.2688731      1.0017407E-03
         993  0.2687429      9.8895049E-04
         994  0.2674749      8.9992624E-04
         995  0.2651957      7.6679926E-04
         996  0.2638437      6.9769903E-04
         997  0.2653535      7.8560418E-04
         998  0.2669926      8.7605749E-04
         999  0.2677585      9.2518289E-04
        1000  0.2680704      9.3699212E-04
        1001  0.2688510      9.7271043E-04
        1002  0.2684700      9.5411827E-04
        1003  0.2678033      9.1821549E-04
        1004  0.2690578      9.8950125E-04
        1005  0.2702056      1.0561158E-03
        1006  0.2687716      9.6875051E-04
        1007  0.2668260      8.5398194E-04
        1008  0.2657906      8.0250920E-04
        1009  0.2647584      7.4407615E-04
        1010  0.2646217      7.2984345E-04
        1011  0.2659396      7.9859362E-04
        1012  0.2676352      8.8013097E-04
        1013  0.2690846      9.5842371E-04
        1014  0.2695265      9.8688470E-04
        1015  0.2688575      9.5674524E-04
        1016  0.2676477      8.9948048E-04
        1017  0.2670024      8.8310288E-04
        1018  0.2673772      9.0511778E-04
        1019  0.2680791      9.3833107E-04
        1020  0.2681506      9.3039928E-04
        1021  0.2678930      9.0560626E-04
        1022  0.2670090      8.4786519E-04
        1023  0.2655461      7.5147022E-04
        1024  0.2653508      7.3793717E-04
        1025  0.2663240      8.0313382E-04
        1026  0.2672687      8.7536324E-04
        1027  0.2669090      8.6329767E-04
        1028  0.2663780      8.4150798E-04
        1029  0.2673408      8.9346810E-04
        1030  0.2687681      9.6250593E-04
        1031  0.2689325      9.5956045E-04
        1032  0.2681424      9.1460586E-04
        1033  0.2672362      8.6400437E-04
        1034  0.2661240      7.8663829E-04
        1035  0.2661631      7.9111062E-04
        1036  0.2664039      8.0844515E-04
        1037  0.2651532      7.5563835E-04
        1038  0.2649854      7.4603164E-04
        1039  0.2673899      8.7939500E-04
        1040  0.2675049      8.8465580E-04
        1041  0.2670411      8.6346315E-04
        1042  0.2697482      1.0240581E-03
        1043  0.2699740      1.0399146E-03
        1044  0.2687194      9.5596816E-04
        1045  0.2699288      1.0113844E-03
        1046  0.2699823      1.0110665E-03
        1047  0.2686572      9.3702186E-04
        1048  0.2682987      9.2518516E-04
        1049  0.2682309      9.2812040E-04
        1050  0.2674808      8.8630669E-04
        1051  0.2675554      8.8979962E-04
        1052  0.2680990      9.2159014E-04
        1053  0.2686331      9.5229677E-04
        1054  0.2687234      9.5465273E-04
        1055  0.2684686      9.3356409E-04
        1056  0.2688108      9.4685046E-04
        1057  0.2681981      9.1300142E-04
        1058  0.2668343      8.4126618E-04
        1059  0.2668256      8.3481765E-04
        1060  0.2689329      9.6260075E-04
        1061  0.2697056      1.0144153E-03
        1062  0.2687060      9.5833844E-04
        1063  0.2682099      9.2108559E-04
        1064  0.2681997      9.2038652E-04
        1065  0.2671702      8.6502411E-04
        1066  0.2656153      7.8630663E-04
        1067  0.2649082      7.3949847E-04
        1068  0.2655438      7.6158572E-04
        1069  0.2676237      8.6923980E-04
        1070  0.2691888      9.6036767E-04
        1071  0.2680994      8.9873548E-04
        1072  0.2675639      8.6343806E-04
        1073  0.2699620      1.0054890E-03
        1074  0.2713625      1.0939053E-03
        1075  0.2698784      1.0159280E-03
        1076  0.2693365      9.8962861E-04
        1077  0.2693136      9.8484661E-04
        1078  0.2687928      9.5155096E-04
        1079  0.2682731      9.2466676E-04
        1080  0.2673063      8.6851878E-04
        1081  0.2664947      8.2336541E-04
        1082  0.2668185      8.3373266E-04
        1083  0.2673819      8.5629476E-04
        1084  0.2686610      9.3741191E-04
        1085  0.2701010      1.0232931E-03
        1086  0.2693483      9.7686122E-04
        1087  0.2680292      8.9662371E-04
        1088  0.2672959      8.5827667E-04
        1089  0.2663357      8.1273465E-04
        1090  0.2672549      8.5815869E-04
        1091  0.2688674      9.3954790E-04
        1092  0.2697321      9.9295401E-04
        1093  0.2706101      1.0483131E-03
        1094  0.2705342      1.0460750E-03
        1095  0.2695960      9.9610980E-04
        1096  0.2688275      9.4611710E-04
        1097  0.2672809      8.6239853E-04
        1098  0.2656203      7.7266543E-04
        1099  0.2654980      7.6430006E-04
        1100  0.2652927      7.5443980E-04
        1101  0.2639330      6.7714386E-04
        1102  0.2636598      6.6215743E-04
        1103  0.2662623      7.9715665E-04
        1104  0.2668068      8.2415331E-04
        1105  0.2654325      7.3840597E-04
        1106  0.2645057      6.8694697E-04
        1107  0.2640012      6.6283660E-04
        1108  0.2651542      7.4049056E-04
        1109  0.2665403      8.1767741E-04
        1110  0.2662022      7.8644609E-04
        1111  0.2649648      7.1940146E-04
        1112  0.2642296      6.7488308E-04
        1113  0.2634402      6.2266336E-04
        1114  0.2627364      5.8105448E-04
        1115  0.2636105      6.3229015E-04
        1116  0.2650917      7.2023663E-04
        1117  0.2665862      8.0376392E-04
        1118  0.2679218      8.7811396E-04
        1119  0.2675015      8.5767842E-04
        1120  0.2655689      7.6290738E-04
        1121  0.2650323      7.4300024E-04
        1122  0.2671180      8.4475084E-04
        1123  0.2705001      1.0186934E-03
        1124  0.2726859      1.1306417E-03
        1125  0.2717053      1.0705529E-03
        1126  0.2691938      9.4224076E-04
        1127  0.2687686      9.2262664E-04
        1128  0.2694804      9.5801766E-04
        1129  0.2691584      9.4293652E-04
        1130  0.2684196      8.9266535E-04
        1131  0.2687254      9.0717582E-04
        1132  0.2696233      9.5098140E-04
        1133  0.2671610      8.1872230E-04
        1134  0.2656610      7.4711477E-04
        1135  0.2668826      8.2157797E-04
        1136  0.2678578      8.5897266E-04
        1137  0.2679052      8.6227711E-04
        1138  0.2669955      8.1307220E-04
        1139  0.2679429      8.6270174E-04
        1140  0.2694143      9.3459961E-04
        1141  0.2699237      9.6342649E-04
        1142  0.2712755      1.0391962E-03
        1143  0.2707517      9.9916535E-04
        1144  0.2688634      8.9596305E-04
        1145  0.2694458      9.3144656E-04
        1146  0.2709676      1.0349692E-03
        1147  0.2705576      1.0251217E-03
        1148  0.2692086      9.4201177E-04
        1149  0.2672115      8.1522064E-04
        1150  0.2670611      7.9727470E-04
        1151  0.2678468      8.5216440E-04
        1152  0.2669920      8.0443791E-04
        1153  0.2670461      8.0094568E-04
        1154  0.2695517      9.3903329E-04
        1155  0.2711897      1.0287535E-03
        1156  0.2691078      9.1333064E-04
        1157  0.2670804      8.0107857E-04
        1158  0.2671251      8.0221461E-04
        1159  0.2683102      8.6817803E-04
        1160  0.2690994      9.1122329E-04
        1161  0.2690296      9.1628183E-04
        1162  0.2688434      9.1215811E-04
        1163  0.2694397      9.4470178E-04
        1164  0.2714138      1.0452672E-03
        1165  0.2719602      1.0822145E-03
        1166  0.2714321      1.0558810E-03
        1167  0.2705180      1.0103991E-03
        1168  0.2670414      8.1835099E-04
        1169  0.2645589      6.6740700E-04
        1170  0.2641284      6.4065884E-04
        1171  0.2654906      7.1800378E-04
        1172  0.2681774      8.7060966E-04
        1173  0.2692500      9.4128092E-04
        1174  0.2696173      9.6719217E-04
        1175  0.2684201      8.9724397E-04
        1176  0.2674810      8.3178451E-04
        1177  0.2678491      8.5052376E-04
        1178  0.2670654      8.1294781E-04
        1179  0.2662965      7.6816045E-04
        1180  0.2665259      7.7939651E-04
        1181  0.2675074      8.4255351E-04
        1182  0.2687525      9.1086241E-04
        1183  0.2694291      9.3779154E-04
        1184  0.2695996      9.4408868E-04
        1185  0.2698287      9.6964784E-04
        1186  0.2694190      9.4902550E-04
        1187  0.2683376      8.8566879E-04
        1188  0.2677688      8.4567477E-04
        1189  0.2683202      8.7052962E-04
        1190  0.2709871      1.0237845E-03
        1191  0.2714792      1.0421483E-03
        1192  0.2681041      8.5380761E-04
        1193  0.2655036      7.0623978E-04
        1194  0.2661545      7.2786346E-04
        1195  0.2675396      8.0306793E-04
        1196  0.2678972      8.3267869E-04
        1197  0.2692418      9.2630100E-04
        1198  0.2691738      9.2562987E-04
        1199  0.2663567      7.5731619E-04
        1200  0.2666239      7.6463475E-04
        1201  0.2682096      8.4421446E-04
        1202  0.2672071      7.8607403E-04
        1203  0.2676766      8.0779183E-04
        1204  0.2688290      8.6889142E-04
        1205  0.2692779      9.0454693E-04
        1206  0.2695762      9.2911965E-04
        1207  0.2684845      8.6719962E-04
        1208  0.2673583      8.0607407E-04
        1209  0.2678008      8.4361632E-04
        1210  0.2681381      8.6266414E-04
        1211  0.2683072      8.6252671E-04
        1212  0.2688849      8.8726921E-04
        1213  0.2678979      8.3186431E-04
        1214  0.2666421      7.6693209E-04
        1215  0.2664730      7.3768111E-04
        1216  0.2660600      7.0536585E-04
        1217  0.2646674      6.2030472E-04
        1218  0.2637582      5.7488459E-04
        1219  0.2632222      5.6522089E-04
        1220  0.2642453      6.2331383E-04
        1221  0.2645853      6.4152369E-04
        1222  0.2641217      6.0313306E-04
        1223  0.2654555      6.8241544E-04
        1224  0.2668520      7.5435481E-04
        1225  0.2680181      8.2284753E-04
        1226  0.2685324      8.5578050E-04
        1227  0.2688434      8.7009621E-04
        1228  0.2693836      8.9333940E-04
        1229  0.2687878      8.6528936E-04
        1230  0.2673746      7.8326417E-04
        1231  0.2667917      7.4973848E-04
        1232  0.2673230      7.8042748E-04
        1233  0.2678249      8.1454869E-04
        1234  0.2682104      8.3981064E-04
        1235  0.2679898      8.3504856E-04
        1236  0.2676060      8.2130445E-04
        1237  0.2696655      9.3490659E-04
        1238  0.2707217      9.8735036E-04
        1239  0.2685789      8.6117315E-04
        1240  0.2664470      7.4160134E-04
        1241  0.2666633      7.5745588E-04
        1242  0.2681083      8.3835179E-04
        1243  0.2687167      8.5955061E-04
        1244  0.2679937      8.1599143E-04
        1245  0.2680286      8.1992469E-04
        1246  0.2682447      8.1845233E-04
        1247  0.2674185      7.6774723E-04
        1248  0.2669053      7.4366893E-04
        1249  0.2667302      7.2998641E-04
        1250  0.2663367      7.0532685E-04
        1251  0.2661538      6.9228141E-04
        1252  0.2677035      7.7647297E-04
        1253  0.2700087      9.0472831E-04
        1254  0.2697899      8.9813274E-04
        1255  0.2675117      7.7518594E-04
        1256  0.2665299      7.2368933E-04
        1257  0.2675738      7.8719563E-04
        1258  0.2684757      8.3652855E-04
        1259  0.2683590      8.2545838E-04
        1260  0.2694840      8.7493210E-04
        1261  0.2715802      9.8935317E-04
        1262  0.2703165      9.2058675E-04
        1263  0.2688594      8.4277353E-04
        1264  0.2697357      8.8925427E-04
        1265  0.2700820      9.0839091E-04
        1266  0.2696201      8.9160015E-04
        1267  0.2680125      8.0259721E-04
        1268  0.2659442      6.9682382E-04
        1269  0.2660541      6.9529749E-04
        1270  0.2684322      8.1522518E-04
        1271  0.2692551      8.5056218E-04
        1272  0.2683762      8.0680556E-04
        1273  0.2678263      7.8227971E-04
        1274  0.2668087      7.3382596E-04
        1275  0.2668687      7.3824282E-04
        1276  0.2668101      7.3634501E-04
        1277  0.2658247      6.7504903E-04
        1278  0.2673451      7.4856996E-04
        1279  0.2696138      8.7172829E-04
        1280  0.2685177      8.1009505E-04
        1281  0.2645640      6.1319472E-04
        1282  0.2618335      4.6331694E-04
        1283  0.2633334      5.4191973E-04
        1284  0.2655891      6.6651584E-04
        1285  0.2672051      7.5723918E-04
        1286  0.2683140      8.2324172E-04
        1287  0.2690512      8.6292560E-04
        1288  0.2691823      8.6428074E-04
        1289  0.2685474      8.2650495E-04
        1290  0.2689204      8.3483540E-04
        1291  0.2685354      8.1842119E-04
        1292  0.2658659      6.8142853E-04
        1293  0.2652255      6.4997654E-04
        1294  0.2679099      7.8635477E-04
        1295  0.2718379      9.9683343E-04
        1296  0.2731716      1.0729380E-03
        1297  0.2712772      9.7961887E-04
        1298  0.2688381      8.4452896E-04
        1299  0.2681001      7.9079799E-04
        1300  0.2684564      8.0483884E-04
        1301  0.2677024      7.6423568E-04
        1302  0.2662500      6.9059635E-04
        1303  0.2663521      6.9842761E-04
        1304  0.2661628      6.9281628E-04
        1305  0.2667617      7.2864816E-04
        1306  0.2684103      8.2006358E-04
        1307  0.2686424      8.3700375E-04
        1308  0.2675596      7.6362875E-04
        1309  0.2670160      7.1954838E-04
        1310  0.2688287      8.0502831E-04
        1311  0.2701326      8.7515631E-04
        1312  0.2697345      8.5163221E-04
        1313  0.2696543      8.5946656E-04
        1314  0.2695768      8.6521258E-04
        1315  0.2708021      9.3476695E-04
        1316  0.2706828      9.2492078E-04
        1317  0.2691221      8.3087350E-04
        1318  0.2692528      8.2189456E-04
        1319  0.2692980      8.2063593E-04
        1320  0.2688316      7.9486251E-04
        1321  0.2694994      8.2691154E-04
        1322  0.2683983      7.7307870E-04
        1323  0.2668335      6.9802173E-04
        1324  0.2696021      8.5386093E-04
        1325  0.2712623      9.4841636E-04
        1326  0.2701925      8.9507998E-04
        1327  0.2704330      9.0728927E-04
        1328  0.2712702      9.5263135E-04
        1329  0.2715527      9.6168451E-04
        1330  0.2710836      9.2684961E-04
        1331  0.2704115      8.9347624E-04
        1332  0.2687521      7.9713727E-04
        1333  0.2670946      7.0608559E-04
        1334  0.2648161      5.8315613E-04
        1335  0.2638389      5.2699202E-04
        1336  0.2652168      5.9633405E-04
        1337  0.2662165      6.4569508E-04
        1338  0.2655424      6.1199808E-04
        1339  0.2643753      5.5196974E-04
        1340  0.2656849      6.1533460E-04
        1341  0.2680233      7.3507620E-04
        1342  0.2685377      7.6967158E-04
        1343  0.2681676      7.4896461E-04
        1344  0.2680115      7.4229168E-04
        1345  0.2679065      7.3848991E-04
        1346  0.2680790      7.5534458E-04
        1347  0.2683807      7.7195343E-04
        1348  0.2675711      7.2663062E-04
        1349  0.2673898      7.2610605E-04
        1350  0.2682195      7.6740066E-04
        1351  0.2682679      7.6501950E-04
        1352  0.2692442      8.2152692E-04
        1353  0.2699988      8.5875019E-04
        1354  0.2688397      7.8889710E-04
        1355  0.2679884      7.3572289E-04
        1356  0.2692456      8.0303958E-04
        1357  0.2708558      8.9896173E-04
        1358  0.2706775      8.9319487E-04
        1359  0.2694185      8.3055196E-04
        1360  0.2675218      7.2353712E-04
        1361  0.2659754      6.4204499E-04
        1362  0.2658936      6.3792284E-04
        1363  0.2660713      6.3798035E-04
        1364  0.2674401      7.0698623E-04
        1365  0.2674032      7.0625346E-04
        1366  0.2664496      6.4774568E-04
        1367  0.2661889      6.2234880E-04
        1368  0.2659544      6.1000773E-04
        1369  0.2664925      6.5414939E-04
        1370  0.2691694      7.8914588E-04
        1371  0.2704349      8.4826164E-04
        1372  0.2687561      7.5243402E-04
        1373  0.2678904      7.1437814E-04
        1374  0.2680977      7.3402317E-04
        1375  0.2687438      7.6189492E-04
        1376  0.2711007      8.9104299E-04
        1377  0.2726553      9.7279268E-04
        1378  0.2723518      9.5182197E-04
        1379  0.2706628      8.5847342E-04
        1380  0.2697544      8.1989594E-04
        1381  0.2698373      8.3324441E-04
        1382  0.2689488      7.8746077E-04
        1383  0.2682771      7.3694659E-04
        1384  0.2678918      7.1963324E-04
        1385  0.2660615      6.3774217E-04
        1386  0.2657801      6.3040096E-04
        1387  0.2677641      7.2313147E-04
        1388  0.2687799      7.7165291E-04
        1389  0.2696180      8.1491482E-04
        1390  0.2696453      8.0770528E-04
        1391  0.2679130      7.0836098E-04
        1392  0.2665608      6.5218151E-04
        1393  0.2661226      6.1634026E-04
        1394  0.2668783      6.4176117E-04
        1395  0.2664281      6.2835339E-04
        1396  0.2644382      5.3066632E-04
        1397  0.2655952      5.8913912E-04
        1398  0.2673344      6.7515433E-04
        1399  0.2671867      6.6690997E-04
        1400  0.2684628      7.3518744E-04
        1401  0.2690421      7.6959905E-04
        1402  0.2690437      7.7536161E-04
        1403  0.2717998      9.2056755E-04
        1404  0.2717173      9.1266725E-04
        1405  0.2666965      6.3730386E-04
        1406  0.2641057      5.0557428E-04
        1407  0.2648555      5.3825619E-04
        1408  0.2654931      5.6795042E-04
        1409  0.2662867      6.1385240E-04
        1410  0.2657728      5.8366259E-04
        1411  0.2651611      5.4327940E-04
        1412  0.2653068      5.5738143E-04
        1413  0.2657441      5.8072590E-04
        1414  0.2663299      6.1451545E-04
        1415  0.2652563      5.6038669E-04
        1416  0.2644546      5.2281126E-04
        1417  0.2661111      6.1409065E-04
        1418  0.2681949      7.3386024E-04
        1419  0.2698135      8.0498523E-04
        1420  0.2699890      8.0668059E-04
        1421  0.2676577      6.9142168E-04
        1422  0.2664398      6.2894914E-04
        1423  0.2673629      6.6978170E-04
        1424  0.2677749      6.9255446E-04
        1425  0.2688572      7.5386564E-04
        1426  0.2702718      8.3113078E-04
        1427  0.2695152      7.8381010E-04
        1428  0.2675377      6.8331888E-04
        1429  0.2666567      6.3464994E-04
        1430  0.2671180      6.6557300E-04
        1431  0.2667509      6.4977334E-04
        1432  0.2664208      6.1384420E-04
        1433  0.2671556      6.3404778E-04
        1434  0.2665011      6.0069741E-04
        1435  0.2649861      5.3534564E-04
        1436  0.2656359      5.8037648E-04
        1437  0.2681711      7.0037122E-04
        1438  0.2697326      7.8840944E-04
        1439  0.2696821      7.9272373E-04
        1440  0.2687905      7.4815430E-04
        1441  0.2699285      7.9176889E-04
        1442  0.2705597      8.1095140E-04
        1443  0.2689667      7.3718937E-04
        1444  0.2691375      7.5410161E-04
        1445  0.2708687      8.4576604E-04
        1446  0.2713784      8.6278055E-04
        1447  0.2699707      7.8938104E-04
        1448  0.2683156      7.0917403E-04
        1449  0.2678035      6.8300002E-04
        1450  0.2683643      7.0817448E-04
        1451  0.2683488      7.0520811E-04
        1452  0.2662681      6.1149930E-04
        1453  0.2660656      6.1162020E-04
        1454  0.2689459      7.6164951E-04
        1455  0.2711168      8.7566872E-04
        1456  0.2719959      9.0438116E-04
        1457  0.2716056      8.6018682E-04
        1458  0.2688898      7.1578956E-04
        1459  0.2649491      5.2400865E-04
        1460  0.2637325      4.6948442E-04
        1461  0.2671714      6.4141641E-04
        1462  0.2699774      7.7871466E-04
        1463  0.2691571      7.3014153E-04
        1464  0.2704174      7.9224398E-04
        1465  0.2718445      8.7663054E-04
        1466  0.2706200      8.1353355E-04
        1467  0.2693664      7.4197230E-04
        1468  0.2697280      7.5122091E-04
        1469  0.2710115      8.1322010E-04
        1470  0.2708894      8.0614409E-04
        1471  0.2694938      7.2856480E-04
        1472  0.2685602      6.8128074E-04
        1473  0.2699222      7.6336431E-04
        1474  0.2704313      7.9925876E-04
        1475  0.2686112      7.0729089E-04
        1476  0.2687105      7.0919079E-04
        1477  0.2684438      7.0348784E-04
        1478  0.2662942      5.9661415E-04
        1479  0.2667081      5.9970526E-04
        1480  0.2680216      6.4511027E-04
        1481  0.2669970      5.8646564E-04
        1482  0.2647175      4.7158319E-04
        1483  0.2647069      4.7779386E-04
        1484  0.2652690      5.0955784E-04
        1485  0.2641075      4.5208732E-04
        1486  0.2629388      3.9662496E-04
        1487  0.2645243      4.7433918E-04
        1488  0.2672951      6.1105704E-04
        1489  0.2679607      6.4527465E-04
        1490  0.2678400      6.2986056E-04
        1491  0.2668438      5.7278771E-04
        1492  0.2659940      5.3930859E-04
        1493  0.2674695      6.2121690E-04
        1494  0.2682355      6.6130311E-04
        1495  0.2674358      6.2044850E-04
        1496  0.2676533      6.4283609E-04
        1497  0.2686632      6.9722196E-04
        1498  0.2695298      7.4191939E-04
        1499  0.2696568      7.3087681E-04
        1500  0.2686280      6.8012002E-04
        1501  0.2682235      6.6271983E-04
        1502  0.2675279      6.1659893E-04
        1503  0.2664669      5.5080204E-04
        1504  0.2661835      5.4559991E-04
        1505  0.2646512      4.7624600E-04
        1506  0.2650082      4.9825723E-04
        1507  0.2678734      6.5159920E-04
        1508  0.2678448      6.5632211E-04
        1509  0.2675900      6.4082182E-04
        1510  0.2691157      7.2001107E-04
        1511  0.2688836      6.9581729E-04
        1512  0.2682150      6.4105995E-04
        1513  0.2678806      6.2625908E-04
        1514  0.2671024      5.9275952E-04
        1515  0.2667632      5.7329418E-04
        1516  0.2673272      6.1199343E-04
        1517  0.2683159      6.7506230E-04
        1518  0.2704698      7.8413542E-04
        1519  0.2721523      8.6218218E-04
        1520  0.2718646      8.4496295E-04
        1521  0.2710517      8.0378249E-04
        1522  0.2700154      7.4252684E-04
        1523  0.2696691      7.1758369E-04
        1524  0.2699462      7.3404395E-04
        1525  0.2683603      6.5794430E-04
        1526  0.2660003      5.3919142E-04
        1527  0.2660727      5.4307538E-04
        1528  0.2660374      5.4432754E-04
        1529  0.2683406      6.5073819E-04
        1530  0.2721444      8.4237143E-04
        1531  0.2717723      8.2229398E-04
        1532  0.2696314      7.1656081E-04
        1533  0.2685640      6.5372384E-04
        1534  0.2700658      7.2810857E-04
        1535  0.2716281      8.1209035E-04
        1536  0.2713460      7.9860783E-04
        1537  0.2696055      7.0868060E-04
        1538  0.2677230      6.1503163E-04
        1539  0.2664202      5.5365631E-04
        1540  0.2673700      5.9506582E-04
        1541  0.2679293      6.2586047E-04
        1542  0.2678080      6.2273594E-04
        1543  0.2668602      5.6634040E-04
        1544  0.2659042      5.1439053E-04
        1545  0.2663013      5.3851871E-04
        1546  0.2662920      5.4044038E-04
        1547  0.2641683      4.2931378E-04
        1548  0.2622067      3.2444231E-04
        1549  0.2640947      4.1344768E-04
        1550  0.2663524      5.1710673E-04
        1551  0.2666036      5.2461063E-04
        1552  0.2666381      5.2073109E-04
        1553  0.2655844      4.6714785E-04
        1554  0.2651235      4.4498200E-04
        1555  0.2656907      4.7358972E-04
        1556  0.2655115      4.6383639E-04
        1557  0.2655620      4.7646434E-04
        1558  0.2670603      5.5703713E-04
        1559  0.2683258      6.0957012E-04
        1560  0.2682592      6.0930673E-04
        1561  0.2672945      5.6661468E-04
        1562  0.2647622      4.4237878E-04
        1563  0.2635442      3.8664509E-04
        1564  0.2657749      5.0160289E-04
        1565  0.2686658      6.4859434E-04
        1566  0.2682597      6.2702259E-04
        1567  0.2675048      5.8550359E-04
        1568  0.2667801      5.4225221E-04
        1569  0.2659023      4.8990001E-04
        1570  0.2662183      4.9313856E-04
        1571  0.2662425      4.9478741E-04
        1572  0.2648020      4.1528945E-04
        1573  0.2657870      4.5820084E-04
        1574  0.2672876      5.3058349E-04
        1575  0.2671492      5.2359520E-04
        1576  0.2667843      5.1186612E-04
        1577  0.2670291      5.2974903E-04
        1578  0.2682303      5.8595132E-04
        1579  0.2667075      5.0198718E-04
        1580  0.2632185      3.1747387E-04
        1581  0.2635027      3.3573154E-04
        1582  0.2652583      4.2838487E-04
        1583  0.2644004      3.8882668E-04
        1584  0.2647458      4.0816615E-04
        1585  0.2669185      5.3655880E-04
        1586  0.2670165      5.4045866E-04
        1587  0.2668384      5.3450943E-04
        1588  0.2669565      5.3103047E-04
        1589  0.2665877      5.0446525E-04
        1590  0.2671490      5.4388773E-04
        1591  0.2671454      5.3698709E-04
        1592  0.2675955      5.5176584E-04
        1593  0.2685705      5.9187785E-04
        1594  0.2685540      5.8473664E-04
        1595  0.2686090      5.9688592E-04
        1596  0.2672653      5.2948913E-04
        1597  0.2653500      4.2453507E-04
        1598  0.2632484      3.2327606E-04
        1599  0.2625878      3.0283918E-04
        1600  0.2634133      3.5615938E-04
        1601  0.2637872      3.7291396E-04
        1602  0.2656035      4.5335680E-04
        1603  0.2684608      5.9742975E-04
        1604  0.2688035      6.0425961E-04
        1605  0.2671793      5.1864225E-04
        1606  0.2648912      3.9494556E-04
        1607  0.2641067      3.5820325E-04
        1608  0.2649564      4.1291126E-04
        1609  0.2655673      4.3675167E-04
        1610  0.2675433      5.4056017E-04
        1611  0.2687748      6.0014002E-04
        1612  0.2680462      5.5622210E-04
        1613  0.2677680      5.4187508E-04
        1614  0.2673019      5.1473809E-04
        1615  0.2684186      5.7307753E-04
        1616  0.2708587      6.8835070E-04
        1617  0.2703722      6.7346863E-04
        1618  0.2686391      5.8701186E-04
        1619  0.2671101      5.1233458E-04
        1620  0.2659860      4.4934303E-04
        1621  0.2666771      4.8271380E-04
        1622  0.2674248      5.2988535E-04
        1623  0.2684454      5.8079261E-04
        1624  0.2690028      6.0821476E-04
        1625  0.2672492      5.2492582E-04
        1626  0.2660000      4.7147679E-04
        1627  0.2668299      5.1337294E-04
        1628  0.2686311      5.9865118E-04
        1629  0.2689665      6.0471136E-04
        1630  0.2689309      6.0485367E-04
        1631  0.2693714      6.2336441E-04
        1632  0.2693339      6.0980459E-04
        1633  0.2687167      5.7766435E-04
        1634  0.2684211      5.5341271E-04
        1635  0.2681019      5.3521618E-04
        1636  0.2664689      4.6182520E-04
        1637  0.2665940      4.7053650E-04
        1638  0.2679075      5.2392774E-04
        1639  0.2672969      4.9784064E-04
        1640  0.2653104      4.0582989E-04
        1641  0.2655481      4.2123091E-04
        1642  0.2676593      5.2347692E-04
        1643  0.2682940      5.4765568E-04
        1644  0.2678379      5.3820532E-04
        1645  0.2667041      4.9117918E-04
        1646  0.2664503      4.6323176E-04
        1647  0.2690358      5.8725558E-04
        1648  0.2703858      6.4763799E-04
        1649  0.2685598      5.4947648E-04
        1650  0.2680671      5.2556669E-04
        1651  0.2688144      5.7309534E-04
        1652  0.2694002      6.1107572E-04
        1653  0.2698782      6.2241306E-04
        1654  0.2686337      5.4584944E-04
        1655  0.2687285      5.4344616E-04
        1656  0.2717693      6.9809787E-04
        1657  0.2736807      7.9094758E-04
        1658  0.2722001      7.2597800E-04
        1659  0.2688591      5.6416576E-04
        1660  0.2681033      5.3444883E-04
        1661  0.2688483      5.5641762E-04
        1662  0.2694980      5.7345902E-04
        1663  0.2694228      5.5772014E-04
        1664  0.2678328      4.8080643E-04
        1665  0.2673294      4.7110152E-04
        1666  0.2685863      5.2760588E-04
        1667  0.2707439      6.3384819E-04
        1668  0.2721414      7.1099820E-04
        1669  0.2700043      5.9766014E-04
        1670  0.2663750      4.1290928E-04
        1671  0.2659225      3.8583361E-04
        1672  0.2681135      4.8413742E-04
        1673  0.2679274      4.8010246E-04
        1674  0.2656737      3.7362825E-04
        1675  0.2657277      3.7614550E-04
        1676  0.2662669      4.0560970E-04
        1677  0.2648240      3.2713721E-04
        1678  0.2639939      2.8196673E-04
        1679  0.2645251      3.0576493E-04
        1680  0.2668276      4.1727329E-04
        1681  0.2713364      6.5005856E-04
        1682  0.2705798      6.1183656E-04
        1683  0.2673511      4.4780821E-04
        1684  0.2675137      4.5790238E-04
        1685  0.2683890      5.0029642E-04
        1686  0.2689324      5.2607112E-04
        1687  0.2692852      5.5321003E-04
        1688  0.2674459      4.6990419E-04
        1689  0.2656027      3.7706754E-04
        1690  0.2673481      4.4975858E-04
        1691  0.2698971      5.6827941E-04
        1692  0.2691455      5.2405696E-04
        1693  0.2681653      4.8983499E-04
        1694  0.2683050      4.9421570E-04
        1695  0.2691622      5.4905884E-04
        1696  0.2691140      5.4918037E-04
        1697  0.2669657      4.3112764E-04
        1698  0.2669258      4.1187971E-04
        1699  0.2684222      4.8293659E-04
        1700  0.2686939      5.0194084E-04
        1701  0.2699329      5.6572602E-04
        1702  0.2711811      6.1922247E-04
        1703  0.2714589      6.4338738E-04
        1704  0.2713830      6.4541132E-04
        1705  0.2714888      6.4974430E-04
        1706  0.2706967      5.9734978E-04
        1707  0.2698213      5.6120608E-04
        1708  0.2697218      5.5580103E-04
        1709  0.2690319      5.1628082E-04
        1710  0.2672096      4.3357306E-04
        1711  0.2678953      4.7580298E-04
        1712  0.2696016      5.5651605E-04
        1713  0.2704425      5.9309928E-04
        1714  0.2691652      5.3108553E-04
        1715  0.2677595      4.5983013E-04
        1716  0.2678400      4.5964960E-04
        1717  0.2677600      4.5480113E-04
        1718  0.2662667      3.6573134E-04
        1719  0.2645217      2.6989789E-04
        1720  0.2659810      3.5092238E-04
        1721  0.2686780      4.8723057E-04
        1722  0.2683033      4.7249097E-04
        1723  0.2665389      3.7347228E-04
        1724  0.2662620      3.6501084E-04
        1725  0.2672788      4.1482554E-04
        1726  0.2678569      4.4252718E-04
        1727  0.2663259      3.7064188E-04
        1728  0.2657988      3.4158296E-04
        1729  0.2670658      3.9087873E-04
        1730  0.2676873      4.1790836E-04
        1731  0.2666287      3.7052770E-04
        1732  0.2644336      2.6456127E-04
        1733  0.2634974      2.0477291E-04
        1734  0.2655644      3.0088570E-04
        1735  0.2686237      4.5512378E-04
        1736  0.2708642      5.7438901E-04
        1737  0.2708250      5.8104179E-04
        1738  0.2680889      4.4513054E-04
        1739  0.2668821      3.9604885E-04
        1740  0.2680621      4.5171665E-04
        1741  0.2696820      5.2804657E-04
        1742  0.2703499      5.6461134E-04
        1743  0.2698815      5.3108326E-04
        1744  0.2696095      5.0653925E-04
        1745  0.2690179      4.7319071E-04
        1746  0.2679721      4.2647219E-04
        1747  0.2679845      4.2575327E-04
        1748  0.2669421      3.6365847E-04
        1749  0.2641508      2.3032642E-04
        1750  0.2635345      1.9864482E-04
        1751  0.2646540      2.4739644E-04
        1752  0.2658882      2.9828117E-04
        1753  0.2673191      3.6935293E-04
        1754  0.2655698      2.8801864E-04
        1755  0.2652429      2.7478568E-04
        1756  0.2670160      3.6040531E-04
        1757  0.2666890      3.3957395E-04
        1758  0.2659196      3.1095208E-04
        1759  0.2668721      3.5794053E-04
        1760  0.2666023      3.3914082E-04
        1761  0.2655411      2.9329074E-04
        1762  0.2653639      2.8220014E-04
        1763  0.2659433      3.0038803E-04
        1764  0.2654346      2.7441556E-04
        1765  0.2630406      1.7225892E-04
        1766  0.2629474      1.7651966E-04
        1767  0.2666027      3.5067979E-04
        1768  0.2710146      5.5956421E-04
        1769  0.2741778      7.1666454E-04
        1770  0.2738079      6.9402106E-04
        1771  0.2710167      5.4901600E-04
        1772  0.2692316      4.5190338E-04
        1773  0.2682582      3.9504768E-04
        1774  0.2692937      4.4675032E-04
        1775  0.2702910      5.0369871E-04
        1776  0.2678999      3.8174406E-04
        1777  0.2657782      2.6577024E-04
        1778  0.2664753      2.9032963E-04
        1779  0.2674919      3.3950713E-04
        1780  0.2693426      4.3949904E-04
        1781  0.2722529      5.8001501E-04
        1782  0.2705789      5.0301239E-04
        1783  0.2662508      2.9670176E-04
        1784  0.2649788      2.3465135E-04
        1785  0.2656680      2.6744086E-04
        1786  0.2673197      3.4628395E-04
        1787  0.2707944      5.0751620E-04
        1788  0.2722266      5.6744221E-04
        1789  0.2695914      4.3145355E-04
        1790  0.2669944      3.0206822E-04
        1791  0.2677861      3.4535865E-04
        1792  0.2707501      4.9420376E-04
        1793  0.2710835      5.0752971E-04
        1794  0.2688543      3.9112731E-04
        1795  0.2673466      3.1219629E-04
        1796  0.2678083      3.2685191E-04
        1797  0.2687101      3.7875111E-04
        1798  0.2686079      3.8777845E-04
        1799  0.2666667      3.0454126E-04
        1800  0.2648325      2.1630386E-04
        1801  0.2652076      2.1375486E-04
        1802  0.2667038      2.7420060E-04
        1803  0.2673869      3.0687283E-04
        1804  0.2686676      3.8444911E-04
        1805  0.2707237      4.8073335E-04
        1806  0.2710227      4.9393944E-04
        1807  0.2683313      3.6112525E-04
        1808  0.2672353      3.0866280E-04
        1809  0.2688587      3.8029815E-04
        1810  0.2704304      4.5031798E-04
        1811  0.2710244      4.8243141E-04
        1812  0.2692539      4.0943461E-04
        1813  0.2669992      2.9079505E-04
        1814  0.2654966      2.1287914E-04
        1815  0.2651574      2.0335625E-04
        1816  0.2672219      3.1098066E-04
        1817  0.2674700      3.2780101E-04
        1818  0.2651572      2.0218968E-04
        1819  0.2652822      1.9591452E-04
        1820  0.2670468      2.8383717E-04
        1821  0.2668589      2.8346153E-04
        1822  0.2670332      2.9387718E-04
        1823  0.2677547      3.2454898E-04
        1824  0.2676368      3.0489010E-04
        1825  0.2667212      2.6409540E-04
        1826  0.2639908      1.3164239E-04
        1827  0.2628624      6.8272580E-05
        1828  0.2630039      7.0534697E-05
        1829  0.2630185      7.1567345E-05
        1830  0.2643407      1.2648127E-04
        1831  0.2664333      2.3276049E-04
        1832  0.2675038      2.8863011E-04
        1833  0.2669111      2.6472690E-04
        1834  0.2671626      2.7735092E-04
        1835  0.2679181      3.2210181E-04
        1836  0.2681046      3.3302538E-04
        1837  0.2688529      3.5357734E-04
        1838  0.2694188      3.6950060E-04
        1839  0.2683520      3.1146320E-04
        1840  0.2694031      3.6787515E-04
        1841  0.2714745      4.7859890E-04
        1842  0.2722265      5.2425871E-04
        1843  0.2720701      5.2108441E-04
        1844  0.2680957      3.3444475E-04
        1845  0.2658192      2.1159770E-04
        1846  0.2681532      3.0894767E-04
        1847  0.2683367      3.2359725E-04
        1848  0.2672467      2.7446906E-04
        1849  0.2672843      2.7394839E-04
        1850  0.2685923      3.3819274E-04
        1851  0.2690741      3.5745135E-04
        1852  0.2682143      3.0917543E-04
        1853  0.2683988      3.1849826E-04
        1854  0.2668240      2.4036613E-04
        1855  0.2637854      9.2638875E-05
        1856  0.2631681      6.6512504E-05
        1857  0.2642164      1.1337006E-04
        1858  0.2647860      1.3275993E-04
        1859  0.2647763      1.2739449E-04
        1860  0.2643972      9.6203839E-05
        1861  0.2655955      1.6656994E-04
        1862  0.2665026      2.1636128E-04
        1863  0.2661802      1.9537052E-04
        1864  0.2660722      1.6937820E-04
        1865  0.2668655      1.9834340E-04
        1866  0.2659307      1.5679662E-04
        1867  0.2659377      1.6787567E-04
        1868  0.2693506      3.3466597E-04
        1869  0.2705590      3.8641994E-04
        1870  0.2687191      2.9796083E-04
        1871  0.2668541      2.0632203E-04
        1872  0.2666236      1.9143838E-04
        1873  0.2660784      1.7153414E-04
        1874  0.2661629      1.8094000E-04
        1875  0.2659168      1.6366578E-04
        1876  0.2632348      4.5685505E-05
        1877  0.2626821      3.4179397E-05
        1878  0.2658084      1.8084278E-04
        1879  0.2682723      2.8407079E-04
        1880  0.2691589      3.1975293E-04
        1881  0.2693248      3.2209439E-04
        1882  0.2695032      3.4113941E-04
        1883  0.2703461      3.8867976E-04
        1884  0.2696917      3.6134626E-04
        1885  0.2682545      2.8261580E-04
        1886  0.2686389      2.9153118E-04
        1887  0.2699540      3.5414050E-04
        1888  0.2690300      3.0255734E-04
        1889  0.2678299      2.4353262E-04
        1890  0.2678085      2.2796045E-04
        1891  0.2685581      2.5473937E-04
        1892  0.2676669      2.1602574E-04
        1893  0.2652837      1.1663981E-04
        1894  0.2652274      1.1941744E-04
        1895  0.2667593      1.8794958E-04
        1896  0.2677969      2.3049803E-04
        1897  0.2689331      2.9111348E-04
        1898  0.2682354      2.5095543E-04
        1899  0.2672922      1.9754386E-04
        1900  0.2678332      2.1947153E-04
        1901  0.2685343      2.5428639E-04
        1902  0.2684994      2.4906936E-04
        1903  0.2683583      2.3784550E-04
        1904  0.2683323      2.2860560E-04
        1905  0.2682264      2.3169797E-04
        1906  0.2683640      2.3515313E-04
        1907  0.2676490      1.9789659E-04
        1908  0.2660470      1.1645229E-04
        1909  0.2664598      1.3750176E-04
        1910  0.2687633      2.5245195E-04
        1911  0.2705104      3.3091003E-04
        1912  0.2691144      2.6497775E-04
        1913  0.2669376      1.5948011E-04
        1914  0.2687781      2.4235206E-04
        1915  0.2708076      3.3505578E-04
        1916  0.2685270      2.2295584E-04
        1917  0.2674822      1.8048755E-04
        1918  0.2701640      3.1416529E-04
        1919  0.2705374      3.2784636E-04
        1920  0.2683608      2.3244765E-04
        1921  0.2664142      1.4201102E-04
        1922  0.2652468      9.4693227E-05
        1923  0.2658449      1.2290807E-04
        1924  0.2680667      2.2237342E-04
        1925  0.2704954      3.1485542E-04
        1926  0.2714188      3.4924728E-04
        1927  0.2695526      2.6267223E-04
        1928  0.2689262      2.3595851E-04
        1929  0.2704810      3.1219996E-04
        1930  0.2693863      2.6640098E-04
        1931  0.2682020      2.1796983E-04
        1932  0.2697408      2.9510265E-04
        1933  0.2722241      4.0464918E-04
        1934  0.2726288      4.0957244E-04
        1935  0.2720756      3.6795644E-04
        1936  0.2704665      2.8728714E-04
        1937  0.2678467      1.5590593E-04
        1938  0.2668595      1.1183492E-04
        1939  0.2662612      9.4375704E-05
        1940  0.2657335      6.1117935E-05
        1941  0.2658076      6.1680883E-05
        1942  0.2658840      7.1209979E-05
        1943  0.2656045      5.4052529E-05
        1944  0.2664352      1.0120356E-04
        1945  0.2671777      1.4176550E-04
        1946  0.2673492      1.4389648E-04
        1947  0.2680953      1.7372648E-04
        1948  0.2686902      2.0228745E-04
        1949  0.2698533      2.6178986E-04
        1950  0.2703723      3.0162223E-04
        1951  0.2699165      2.8097274E-04
        1952  0.2691567      2.3700509E-04
        1953  0.2656006      6.5898435E-05
        1954  0.2642898     -1.1266179E-05
        1955  0.2668709      9.6590906E-05
        1956  0.2703504      2.5398500E-04
        1957  0.2725677      3.6378330E-04
        1958  0.2710368      2.8908454E-04
        1959  0.2694417      2.1945521E-04
        1960  0.2675692      1.3282803E-04
        1961  0.2650551      1.2437736E-05
        1962  0.2658376      5.4690925E-05
        1963  0.2664956      1.0035586E-04
        1964  0.2657682      6.1607068E-05
        1965  0.2668531      1.0487174E-04
        1966  0.2685864      1.8726675E-04
        1967  0.2703176      2.6325186E-04
        1968  0.2693832      2.2019378E-04
        1969  0.2678169      1.4969964E-04
        1970  0.2692050      2.1755682E-04
        1971  0.2687393      1.9934568E-04
        1972  0.2670084      1.0786123E-04
        1973  0.2686464      1.8261105E-04
        1974  0.2705630      2.7603615E-04
        1975  0.2689821      2.0760103E-04
        1976  0.2657630      5.6650315E-05
        1977  0.2653162      2.9996085E-05
        1978  0.2665336      7.8240591E-05
        1979  0.2659979      4.5581026E-05
        1980  0.2660315      5.5061191E-05
        1981  0.2676118      1.2082398E-04
        1982  0.2675633      1.1279947E-04
        1983  0.2683711      1.5972287E-04
        1984  0.2700899      2.4818833E-04
        1985  0.2691724      1.9831375E-04
        1986  0.2690284      1.9153916E-04
        1987  0.2697699      2.2696448E-04
        1988  0.2690258      1.8891206E-04
        1989  0.2669799      9.7548167E-05
        1990  0.2659002      5.3175747E-05
        1991  0.2676041      1.3814753E-04
        1992  0.2709302      2.8387571E-04
        1993  0.2707914      2.6735303E-04
        1994  0.2686675      1.7978507E-04
        1995  0.2674429      1.2557834E-04
        1996  0.2683727      1.7319508E-04
        1997  0.2690518      2.0572964E-04
        1998  0.2675072      1.4182892E-04
        1999  0.2659933      7.8821613E-05
        2000  0.2668693      1.1114852E-04
        2001  0.2690261      2.1295009E-04
        2002  0.2696244      2.3494320E-04
        2003  0.2680649      1.6404830E-04
        2004  0.2665172      8.6292785E-05
        2005  0.2656458      4.3625616E-05
        2006  0.2639354     -4.7895919E-05
        2007  0.2626517     -1.0810252E-04
        2008  0.2625573     -1.1222261E-04
        2009  0.2646807     -1.8799388E-05
        2010  0.2648780     -1.1177495E-05
        2011  0.2633552     -7.2371324E-05
        2012  0.2646985     -8.2755705E-06
        2013  0.2659538      4.9845956E-05
        2014  0.2663683      7.1586212E-05
        2015  0.2679254      1.4303457E-04
        2016  0.2684351      1.7461891E-04
        2017  0.2675850      1.2946750E-04
        2018  0.2672966      1.1958648E-04
        2019  0.2693473      2.1288269E-04
        2020  0.2735187      3.9739977E-04
        2021  0.2741701      4.2662444E-04
        2022  0.2707497      2.6819052E-04
        2023  0.2672406      1.0650364E-04
        2024  0.2649927      6.1381229E-06
        2025  0.2662764      5.3314892E-05
        2026  0.2668635      7.7981538E-05
        2027  0.2665762      7.6128701E-05
        2028  0.2692567      1.9515942E-04
        2029  0.2706872      2.5741986E-04
        2030  0.2685257      1.7635354E-04
        2031  0.2667317      1.0363036E-04
        2032  0.2669423      1.2442010E-04
        2033  0.2688957      2.1346610E-04
        2034  0.2707457      3.0332833E-04
        2035  0.2707144      2.9720450E-04
        2036  0.2696325      2.3618837E-04
        2037  0.2692463      2.1083427E-04
        2038  0.2694197      2.1659733E-04
        2039  0.2681295      1.5222760E-04
        2040  0.2677884      1.1820791E-04
        2041  0.2691525      1.7741964E-04
        2042  0.2687440      1.6122521E-04
        2043  0.2690141      1.7712866E-04
        2044  0.2700903      2.3229806E-04
        2045  0.2679184      1.3725953E-04
        2046  0.2641268     -3.0586780E-05
        2047  0.2636234     -6.5233158E-05
        2048  0.2646341     -3.0414074E-05
