           0  6.9822585E-07 -5.1400773E-02
           1  3.1206393E-05 -5.1407874E-02
           2  5.6775881E-04 -5.1309317E-02
           3  2.6131796E-03 -5.0898749E-02
           4  6.1803842E-03 -5.0173577E-02
           5  1.0681900E-02 -4.9250115E-02
           6  1.6144564E-02 -4.8126690E-02
           7  2.2075098E-02 -4.6918046E-02
           8  3.9178617E-02 -4.3421753E-02
           9  8.1448540E-02 -3.4770731E-02
          10  0.1320919     -2.4394115E-02
          11  0.1763711     -1.5328959E-02
          12  0.2207756     -6.2466585E-03
          13  0.2578973      1.3550773E-03
          14  0.2918663      8.3229160E-03
          15  0.3185621      1.3764977E-02
          16  0.3017574      1.0302746E-02
          17  0.2516102      1.2054371E-04
          18  0.2385789     -2.4345408E-03
          19  0.2727514      4.4476213E-03
          20  0.3266373      1.5233840E-02
          21  0.4359683      3.7483189E-02
          22  0.5473389      6.0185261E-02
          23  0.5588701      6.2453974E-02
          24  0.5243992      5.5713467E-02
          25  0.5437211      6.0552187E-02
          26  0.6332778      7.9452671E-02
          27  0.6829535      8.9801453E-02
          28  0.5630539      6.5137312E-02
          29  0.3384798      1.8861821E-02
          30  0.1930912     -1.1156930E-02
          31  0.1910799     -1.1747287E-02
          32  0.2632518      2.8769847E-03
          33  0.3576283      2.2151036E-02
          34  0.4215346      3.5194013E-02
          35  0.3697014      2.4472754E-02
          36  0.2408080     -1.8806590E-03
          37  0.1463602     -2.1072481E-02
          38  9.0636551E-02 -3.2458086E-02
          39  5.3259078E-02 -4.0200323E-02
          40  8.9832403E-02 -3.2773294E-02
          41  0.2313858     -3.7295173E-03
          42  0.3570133      2.2110244E-02
          43  0.3292635      1.6427653E-02
          44  0.2131539     -7.4862028E-03
          45  0.1555489     -1.9371821E-02
          46  0.2020324     -9.8578800E-03
          47  0.2713118      4.2756321E-03
          48  0.2429786     -1.6248313E-03
          49  0.1537231     -1.9943645E-02
          50  0.1686282     -1.6941531E-02
          51  0.2969988      9.1570318E-03
          52  0.3675538      2.3507236E-02
          53  0.3223981      1.4459288E-02
          54  0.2550068      8.8565086E-04
          55  0.2069534     -8.8407937E-03
          56  0.1742525     -1.5462747E-02
          57  0.1824929     -1.3807979E-02
          58  0.2617488      2.2517343E-03
          59  0.3653257      2.3341825E-02
          60  0.3947544      2.9512061E-02
          61  0.3829198      2.7311945E-02
          62  0.3808888      2.7115511E-02
          63  0.3132517      1.3307245E-02
          64  0.1988341     -1.0305741E-02
          65  0.1465701     -2.1256875E-02
          66  0.1375503     -2.3245556E-02
          67  0.1110815     -2.8644100E-02
          68  0.1138509     -2.8036932E-02
          69  0.1860046     -1.3293160E-02
          70  0.2719228      4.2442172E-03
          71  0.3166845      1.3369883E-02
          72  0.3167325      1.3453998E-02
          73  0.2992355      1.0095010E-02
          74  0.2863526      7.6237270E-03
          75  0.2533491      8.0729218E-04
          76  0.1850036     -1.3371671E-02
          77  0.1416339     -2.2411255E-02
          78  0.1846352     -1.3751072E-02
          79  0.2506321     -3.1255462E-04
          80  0.2251592     -5.4439390E-03
          81  0.1519053     -2.0328516E-02
          82  0.1531787     -2.0019500E-02
          83  0.1986539     -1.0657500E-02
          84  0.1938603     -1.1577875E-02
          85  0.1743264     -1.5637536E-02
          86  0.2037389     -9.7748935E-03
          87  0.2304548     -4.3390528E-03
          88  0.2208216     -6.3085840E-03
          89  0.2246111     -5.6506502E-03
          90  0.2541302      3.2887331E-04
          91  0.3016628      1.0137038E-02
          92  0.3618406      2.2570184E-02
          93  0.4143584      3.3407655E-02
          94  0.4422819      3.9032411E-02
          95  0.3955379      2.9428538E-02
          96  0.2726132      4.5638410E-03
          97  0.1779854     -1.4573561E-02
          98  0.1796926     -1.4114117E-02
          99  0.2464399     -3.8445435E-04
         100  0.3450128      1.9807354E-02
         101  0.4331141      3.7799794E-02
         102  0.4144983      3.3938088E-02
         103  0.3088787      1.2325819E-02
         104  0.2465116     -3.8817865E-04
         105  0.2373808     -2.2622398E-03
         106  0.2446480     -8.8972092E-04
         107  0.2936396      8.9665959E-03
         108  0.3393512      1.8233882E-02
         109  0.2989744      1.0015829E-02
         110  0.2384442     -2.3437839E-03
         111  0.2882825      7.8352513E-03
         112  0.3881907      2.8317168E-02
         113  0.3713441      2.4880787E-02
         114  0.2615494      2.3034227E-03
         115  0.2161306     -7.1412874E-03
         116  0.2596604      1.6998975E-03
         117  0.2775878      5.4340116E-03
         118  0.2086741     -8.5126627E-03
         119  0.1296699     -2.4551805E-02
         120  0.1332569     -2.3820540E-02
         121  0.1919012     -1.1882253E-02
         122  0.1974180     -1.0710745E-02
         123  0.1328823     -2.3831699E-02
         124  0.1121796     -2.8128158E-02
         125  0.1770558     -1.4971434E-02
         126  0.2208877     -5.9232367E-03
         127  0.1718577     -1.5772967E-02
         128  8.9619912E-02 -3.2526668E-02
         129  5.0570223E-02 -4.0504020E-02
         130  5.9524361E-02 -3.8656365E-02
         131  0.1072666     -2.8946878E-02
         132  0.1857379     -1.3038219E-02
         133  0.2376920     -2.5227428E-03
         134  0.2293096     -4.2265630E-03
         135  0.2464273     -7.0619601E-04
         136  0.3749856      2.5437267E-02
         137  0.4974661      5.0308704E-02
         138  0.4456110      3.9742202E-02
         139  0.2892356      7.9275342E-03
         140  0.1931759     -1.1630543E-02
         141  0.1848495     -1.3387651E-02
         142  0.2115121     -8.0018323E-03
         143  0.2366831     -2.7624411E-03
         144  0.2599967      2.1559296E-03
         145  0.2917235      8.7402100E-03
         146  0.3356857      1.7786281E-02
         147  0.3784543      2.6611444E-02
         148  0.3932981      2.9781321E-02
         149  0.4152629      3.4269597E-02
         150  0.4921143      4.9621038E-02
         151  0.5200756      5.5017691E-02
         152  0.3972347      2.9988809E-02
         153  0.2304081     -3.9403443E-03
         154  0.1341780     -2.3570986E-02
         155  0.1140090     -2.7656274E-02
         156  0.1709565     -1.6031388E-02
         157  0.2576729      1.5231724E-03
         158  0.2690977      3.7689290E-03
         159  0.2032199     -9.6090194E-03
         160  0.1605039     -1.8284559E-02
         161  0.1760520     -1.5113863E-02
         162  0.2127263     -7.6505034E-03
         163  0.2220511     -5.8036190E-03
         164  0.1905790     -1.2274317E-02
         165  0.2004605     -1.0304509E-02
         166  0.2748561      4.8683262E-03
         167  0.2849033      6.9721942E-03
         168  0.2018822     -9.9743102E-03
         169  0.1428528     -2.2087751E-02
         170  0.1407538     -2.2395177E-02
         171  0.1630748     -1.7645448E-02
         172  0.2084045     -8.3856927E-03
         173  0.2394032     -2.1060097E-03
         174  0.2060589     -8.7929778E-03
         175  0.1508635     -1.9964399E-02
         176  0.1200693     -2.6263367E-02
         177  9.1574214E-02 -3.2129090E-02
         178  7.2616860E-02 -3.6065895E-02
         179  0.1065047     -2.9223586E-02
         180  0.2034530     -9.4597312E-03
         181  0.2969083      9.6639972E-03
         182  0.3416798      1.8805306E-02
         183  0.3969484      2.9928192E-02
         184  0.4502299      4.0687896E-02
         185  0.4382608      3.8296442E-02
         186  0.3840134      2.7219022E-02
         187  0.3052472      1.1146856E-02
         188  0.2257467     -4.8788162E-03
         189  0.2189585     -6.1633908E-03
         190  0.2958972      9.3642380E-03
         191  0.3359235      1.7337058E-02
         192  0.2556288      8.7505387E-04
         193  0.1742175     -1.5737198E-02
         194  0.2139485     -7.6513342E-03
         195  0.2837238      6.7448639E-03
         196  0.2596648      2.2754667E-03
         197  0.2012343     -9.4941240E-03
         198  0.1955542     -1.0609847E-02
         199  0.2231750     -4.8363479E-03
         200  0.2512235      1.1245690E-03
         201  0.2625230      3.6028347E-03
         202  0.2479316      4.9768348E-04
         203  0.2255136     -4.2668800E-03
         204  0.1969136     -1.0194720E-02
         205  0.1648049     -1.6796229E-02
         206  0.1866622     -1.2238367E-02
         207  0.2690428      4.8230435E-03
         208  0.3514792      2.1845903E-02
         209  0.4008137      3.1866454E-02
         210  0.3753246      2.6373399E-02
         211  0.3056840      1.1858779E-02
         212  0.3087220      1.2405837E-02
         213  0.3406847      1.9038962E-02
         214  0.2697413      4.6674530E-03
         215  0.1651807     -1.6626764E-02
         216  0.1423319     -2.1258811E-02
         217  0.1379145     -2.2210309E-02
         218  9.7281620E-02 -3.0700834E-02
         219  0.1056549     -2.9177533E-02
         220  0.1800559     -1.3967599E-02
         221  0.2018233     -9.3557034E-03
         222  0.1471242     -2.0475207E-02
         223  0.1382448     -2.2471124E-02
         224  0.2471932     -4.6884088E-04
         225  0.3721545      2.4947362E-02
         226  0.4032442      3.1320736E-02
         227  0.3965940      2.9932803E-02
         228  0.3737579      2.5218209E-02
         229  0.2979747      9.8334560E-03
         230  0.2460975     -5.6618126E-04
         231  0.2464606     -3.4958730E-04
         232  0.2619681      2.8245754E-03
         233  0.3350633      1.7617170E-02
         234  0.4866937      4.8481677E-02
         235  0.5644740      6.4571731E-02
         236  0.4585982      4.3039400E-02
         237  0.3552609      2.1908432E-02
         238  0.3427055      1.9352216E-02
         239  0.2677638      4.1514575E-03
         240  0.1582489     -1.8146921E-02
         241  0.1279394     -2.4346057E-02
         242  0.1517137     -1.9452343E-02
         243  0.1948820     -1.0581711E-02
         244  0.2277278     -3.8895311E-03
         245  0.2233723     -4.7786697E-03
         246  0.2087035     -7.7311737E-03
         247  0.1774362     -1.4143674E-02
         248  0.1156360     -2.6880726E-02
         249  7.3714904E-02 -3.5486855E-02
         250  6.6923551E-02 -3.6855381E-02
         251  6.7091689E-02 -3.6881290E-02
         252  6.4297251E-02 -3.7531864E-02
         253  8.2612589E-02 -3.3775162E-02
         254  0.1656984     -1.6734941E-02
         255  0.2618045      2.9302058E-03
         256  0.2723025      5.0342376E-03
         257  0.2468843     -2.4715331E-04
         258  0.2912691      8.7912809E-03
         259  0.3741625      2.5791084E-02
         260  0.4062993      3.2382768E-02
         261  0.3542743      2.1687275E-02
         262  0.2342926     -2.9114466E-03
         263  0.1381301     -2.2646459E-02
         264  0.1541793     -1.9498944E-02
         265  0.2464419     -7.8596134E-04
         266  0.3226900      1.4843792E-02
         267  0.3297212      1.6535254E-02
         268  0.2719702      4.8687356E-03
         269  0.1894082     -1.2054930E-02
         270  0.1208349     -2.6096810E-02
         271  0.1074434     -2.8880637E-02
         272  0.1563839     -1.8977990E-02
         273  0.2397074     -1.8222063E-03
         274  0.3463864      2.0254802E-02
         275  0.3824180      2.7609199E-02
         276  0.2829771      7.2695082E-03
         277  0.2050170     -8.5064080E-03
         278  0.2198235     -5.4767127E-03
         279  0.1996308     -9.7003588E-03
         280  0.1438018     -2.1107728E-02
         281  0.1638612     -1.6962770E-02
         282  0.2494009      6.4653397E-04
         283  0.3376411      1.8957471E-02
         284  0.4290328      3.7715383E-02
         285  0.4592779      4.3762796E-02
         286  0.3723322      2.5873119E-02
         287  0.3134666      1.3716501E-02
         288  0.3487439      2.0892670E-02
         289  0.3381729      1.8880060E-02
         290  0.2692997      4.9400264E-03
         291  0.2137278     -6.4174319E-03
         292  0.1522480     -1.9036528E-02
         293  0.1312218     -2.3335341E-02
         294  0.2279588     -3.4782656E-03
         295  0.3719156      2.5984766E-02
         296  0.4157255      3.4851525E-02
         297  0.3358426      1.8427042E-02
         298  0.2933464      9.7326739E-03
         299  0.3652862      2.4461312E-02
         300  0.3776326      2.6956702E-02
         301  0.2475338      2.8319473E-04
         302  0.1481315     -2.0119777E-02
         303  0.1701336     -1.5747491E-02
         304  0.2236708     -4.9904459E-03
         305  0.2593665      2.2659430E-03
         306  0.2799827      6.7122234E-03
         307  0.2636271      3.6038824E-03
         308  0.2231796     -4.6896222E-03
         309  0.2027195     -9.0569844E-03
         310  0.2129067     -7.1297069E-03
         311  0.2645677      3.3371311E-03
         312  0.3536256      2.1484125E-02
         313  0.4073372      3.2432627E-02
         314  0.3777713      2.6398027E-02
         315  0.3092159      1.2384850E-02
         316  0.2605971      2.3794242E-03
         317  0.2268125     -4.5798863E-03
         318  0.1840419     -1.3288652E-02
         319  0.1733541     -1.5428993E-02
         320  0.1991937     -1.0077241E-02
         321  0.1981045     -1.0162571E-02
         322  0.1616899     -1.7555447E-02
         323  0.1119144     -2.7849387E-02
         324  6.2193569E-02 -3.8153086E-02
         325  3.6379464E-02 -4.3483831E-02
         326  3.6649968E-02 -4.3407880E-02
         327  5.7192910E-02 -3.9171576E-02
         328  0.1192182     -2.6553586E-02
         329  0.2121053     -7.7514732E-03
         330  0.2760395      5.3201872E-03
         331  0.2920664      8.9135924E-03
         332  0.2718519      4.9278392E-03
         333  0.2199345     -5.9390203E-03
         334  0.1754129     -1.5218952E-02
         335  0.1723268     -1.5765343E-02
         336  0.2156007     -6.8944497E-03
         337  0.3101174      1.2256344E-02
         338  0.3773995      2.5896903E-02
         339  0.3073248      1.1724680E-02
         340  0.1830265     -1.3443837E-02
         341  0.1679511     -1.6489668E-02
         342  0.2392658     -2.0584723E-03
         343  0.2867845      7.5394022E-03
         344  0.2904102      8.3007226E-03
         345  0.2820821      6.7039230E-03
         346  0.2866073      7.5839469E-03
         347  0.2950630      9.1390526E-03
         348  0.3280528      1.5834080E-02
         349  0.4351567      3.7704647E-02
         350  0.4920673      4.9326330E-02
         351  0.3695518      2.4433419E-02
         352  0.2247017     -5.0284206E-03
         353  0.2139810     -7.3040216E-03
         354  0.2502705     -4.6159425E-05
         355  0.2224315     -5.6884186E-03
         356  0.1869502     -1.2813633E-02
         357  0.2428811     -1.4666127E-03
         358  0.3375956      1.7701274E-02
         359  0.3881994      2.7984921E-02
         360  0.3766073      2.5676664E-02
         361  0.2800153      6.0908184E-03
         362  0.1658726     -1.7078910E-02
         363  0.1236800     -2.5656449E-02
         364  0.1287228     -2.4659757E-02
         365  0.1512572     -2.0122001E-02
         366  0.1681109     -1.6699018E-02
         367  0.1553767     -1.9246545E-02
         368  0.1730651     -1.5622741E-02
         369  0.2381129     -2.3602298E-03
         370  0.2582360      1.7564337E-03
         371  0.2181252     -6.4543262E-03
         372  0.1806843     -1.4119125E-02
         373  0.1769886     -1.4866063E-02
         374  0.2287412     -4.3977993E-03
         375  0.2852975      7.0405169E-03
         376  0.2738925      4.6924860E-03
         377  0.2657133      2.8103970E-03
         378  0.3034704      1.0275333E-02
         379  0.2988725      9.4954688E-03
         380  0.2417629     -1.8203427E-03
         381  0.2027549     -9.5845740E-03
         382  0.2067772     -8.7559568E-03
         383  0.2216757     -5.8313939E-03
         384  0.2603958      1.9061120E-03
         385  0.3758991      2.5209248E-02
         386  0.4777664      4.5737956E-02
         387  0.4529367      4.0625390E-02
         388  0.3515768      2.0131946E-02
         389  0.2400362     -2.3294832E-03
         390  0.1377684     -2.2970760E-02
         391  8.2370237E-02 -3.4108937E-02
         392  9.1987595E-02 -3.1915866E-02
         393  0.1268647     -2.4563711E-02
         394  0.1301876     -2.3845166E-02
         395  0.1467806     -2.0575060E-02
         396  0.2563627      1.6534542E-03
         397  0.3496023      2.0545688E-02
         398  0.3002134      1.0414051E-02
         399  0.2146882     -7.0077749E-03
         400  0.1796965     -1.4043636E-02
         401  0.1560436     -1.8721784E-02
         402  0.1714927     -1.5604033E-02
         403  0.2454158     -7.0992403E-04
         404  0.3287590      1.6261742E-02
         405  0.3751675      2.5819737E-02
         406  0.3209061      1.4825447E-02
         407  0.1973696     -1.0296957E-02
         408  0.1423711     -2.1520516E-02
         409  0.1642665     -1.7155375E-02
         410  0.1973012     -1.0492199E-02
         411  0.2620982      2.6096387E-03
         412  0.3340890      1.7006548E-02
         413  0.3544569      2.0926788E-02
         414  0.3438936      1.8957531E-02
         415  0.2954967      9.5088184E-03
         416  0.2048136     -8.7829540E-03
         417  0.1740171     -1.5192172E-02
         418  0.2455364     -8.7889656E-04
         419  0.3423741      1.8599113E-02
         420  0.4292344      3.6048889E-02
         421  0.4378350      3.7856009E-02
         422  0.3077977      1.1672743E-02
         423  0.2087748     -8.2135936E-03
         424  0.2378828     -2.2445584E-03
         425  0.2404999     -1.6799971E-03
         426  0.1678034     -1.6364900E-02
         427  0.1129383     -2.7479740E-02
         428  0.1465718     -2.0728141E-02
         429  0.2983232      9.8749120E-03
         430  0.4264771      3.5720311E-02
         431  0.3534198      2.0966819E-02
         432  0.2169660     -6.5975594E-03
         433  0.2201377     -5.9177275E-03
         434  0.2854959      7.4309213E-03
         435  0.3005359      1.0608899E-02
         436  0.2967142      9.9098040E-03
         437  0.2915945      8.8217547E-03
         438  0.2784789      6.0298522E-03
         439  0.2763588      5.5026338E-03
         440  0.2796004      6.1425013E-03
         441  0.2690480      4.0674638E-03
         442  0.2358814     -2.5260022E-03
         443  0.2073000     -8.2251299E-03
         444  0.2130250     -7.1346904E-03
         445  0.2112630     -7.6293680E-03
         446  0.1876912     -1.2456530E-02
         447  0.2213116     -5.7095899E-03
         448  0.3032702      1.0751063E-02
         449  0.3189998      1.3845598E-02
         450  0.2547239      8.4565877E-04
         451  0.1958732     -1.0957710E-02
         452  0.2046833     -9.0716537E-03
         453  0.2304795     -3.8783716E-03
         454  0.1936316     -1.1426666E-02
         455  0.1537274     -1.9553145E-02
         456  0.1625713     -1.7755657E-02
         457  0.1577217     -1.8679965E-02
         458  0.1264091     -2.4951303E-02
         459  0.1324323     -2.3721725E-02
         460  0.2115601     -7.8120255E-03
         461  0.3218090      1.4324477E-02
         462  0.3860425      2.7284738E-02
         463  0.3787405      2.6118761E-02
         464  0.3504467      2.0706642E-02
         465  0.3288066      1.6392218E-02
         466  0.3074933      1.2110761E-02
         467  0.3197575      1.4560078E-02
         468  0.3233390      1.5210370E-02
         469  0.2432043     -9.6099527E-04
         470  0.1634535     -1.7042933E-02
         471  0.2033649     -9.1015054E-03
         472  0.3247895      1.5223140E-02
         473  0.3572910      2.1823024E-02
         474  0.2363062     -2.3624243E-03
         475  0.1030007     -2.9154843E-02
         476  7.5416349E-02 -3.4731679E-02
         477  0.1546509     -1.8814446E-02
         478  0.2699765      4.2954148E-03
         479  0.3160639      1.3446639E-02
         480  0.3106333      1.2297275E-02
         481  0.3265267      1.5547080E-02
         482  0.3040706      1.1097183E-02
         483  0.2306946     -3.6791561E-03
         484  0.2185794     -6.2040342E-03
         485  0.2523800      4.4039724E-04
         486  0.2439729     -1.3676555E-03
         487  0.2372205     -2.7231562E-03
         488  0.2796263      5.8352067E-03
         489  0.3346999      1.6874922E-02
         490  0.3424738      1.8318666E-02
         491  0.2627133      2.1966028E-03
         492  0.1743321     -1.5467189E-02
         493  0.1737878     -1.5390230E-02
         494  0.2130465     -7.5304518E-03
         495  0.2424564     -1.9212666E-03
         496  0.2597046      1.4012859E-03
         497  0.2267841     -4.9497224E-03
         498  0.1955658     -1.0953302E-02
         499  0.2390030     -2.3019467E-03
         500  0.2595022      1.6181094E-03
         501  0.1751780     -1.5292371E-02
         502  8.9683093E-02 -3.2289494E-02
         503  0.1172465     -2.6686009E-02
         504  0.2157471     -6.9472562E-03
         505  0.2661171      3.0739794E-03
         506  0.2519149      1.1068714E-04
         507  0.2490556     -4.8370301E-04
         508  0.2552433      8.1705448E-04
         509  0.2477264     -6.8974117E-04
         510  0.2741875      4.5515797E-03
         511  0.3018983      1.0037619E-02
         512  0.2730545      4.1658906E-03
         513  0.2206808     -6.4062565E-03
         514  0.1762425     -1.5290418E-02
         515  0.1626178     -1.7984672E-02
         516  0.1825395     -1.3972418E-02
         517  0.2225515     -5.9190472E-03
         518  0.2805851      5.6860270E-03
         519  0.3211239      1.3645803E-02
         520  0.3462610      1.8346190E-02
         521  0.3869278      2.6153650E-02
         522  0.3822613      2.5285566E-02
         523  0.3122852      1.1664017E-02
         524  0.2937242      8.1031239E-03
         525  0.3384365      1.6964195E-02
         526  0.3366455      1.6555311E-02
         527  0.2802571      5.2533853E-03
         528  0.2369840     -3.4403815E-03
         529  0.2402989     -2.8992274E-03
         530  0.2546461     -1.5353903E-04
         531  0.2472571     -1.5049835E-03
         532  0.2573411      7.3805789E-04
         533  0.2733459      3.9077848E-03
         534  0.2353725     -3.8613691E-03
         535  0.1846620     -1.4020070E-02
         536  0.1842005     -1.4078240E-02
         537  0.1976995     -1.1472324E-02
         538  0.2021753     -1.0674356E-02
         539  0.2552448     -7.9565900E-05
         540  0.3142999      1.1747406E-02
         541  0.2745607      3.8395063E-03
         542  0.2160349     -7.7132359E-03
         543  0.2432842     -1.9992872E-03
         544  0.2534516      2.6539055E-04
         545  0.1723972     -1.5940964E-02
         546  0.1321134     -2.3885410E-02
         547  0.2112718     -7.7652340E-03
         548  0.3076643      1.1742200E-02
         549  0.3602038      2.2160048E-02
         550  0.3513787      2.0203857E-02
         551  0.2501933     -1.4856007E-04
         552  0.1430874     -2.1675363E-02
         553  0.1308337     -2.4215955E-02
         554  0.2020986     -9.9393809E-03
         555  0.2548715      6.2549068E-04
         556  0.2184424     -6.8039452E-03
         557  0.2228878     -5.9608640E-03
         558  0.3526829      2.0559860E-02
         559  0.4352750      3.8320072E-02
         560  0.3583127      2.2998299E-02
         561  0.2386756     -1.5975615E-03
         562  0.1748268     -1.4796608E-02
         563  0.1536022     -1.9175163E-02
         564  0.1863947     -1.2421054E-02
         565  0.2737959      5.4401723E-03
         566  0.3735971      2.5729181E-02
         567  0.4854087      4.8462771E-02
         568  0.5381563      5.9155736E-02
         569  0.4125878      3.3465780E-02
         570  0.1980070     -1.0317137E-02
         571  6.9403924E-02 -3.6508974E-02
         572  4.8682533E-02 -4.0689658E-02
         573  9.8410070E-02 -3.0498665E-02
         574  0.1673700     -1.6473243E-02
         575  0.1960991     -1.0796444E-02
         576  0.2123909     -7.6498366E-03
         577  0.2174648     -6.6450345E-03
         578  0.1687405     -1.6507780E-02
         579  0.1535521     -1.9544804E-02
         580  0.2426375     -1.3867355E-03
         581  0.3425525      1.8979277E-02
         582  0.3641285      2.3417035E-02
         583  0.3209393      1.4656720E-02
         584  0.2606919      2.3694641E-03
         585  0.2298504     -4.0269550E-03
         586  0.2582047      1.5636099E-03
         587  0.2932991      8.5775610E-03
         588  0.3077562      1.1503133E-02
         589  0.3598860      2.2317717E-02
         590  0.3649089      2.3687618E-02
         591  0.2295995     -3.8538647E-03
         592  8.8364184E-02 -3.2768179E-02
         593  4.8815768E-02 -4.0833022E-02
         594  6.9424830E-02 -3.6590744E-02
         595  0.1320434     -2.3784706E-02
         596  0.2342610     -2.8978069E-03
         597  0.2947123      9.4483281E-03
         598  0.2934449      9.2477947E-03
         599  0.3082464      1.2380108E-02
         600  0.2992112      1.0644225E-02
         601  0.2279320     -3.8215800E-03
         602  0.1848730     -1.2622333E-02
         603  0.1887439     -1.1911514E-02
         604  0.2156439     -6.5272404E-03
         605  0.2980664      1.0088799E-02
         606  0.3823667      2.7071860E-02
         607  0.3893740      2.8444182E-02
         608  0.3634958      2.3098733E-02
         609  0.3346144      1.7060760E-02
         610  0.2994358      9.8920222E-03
         611  0.2999389      1.0150010E-02
         612  0.3712130      2.4805039E-02
         613  0.4863910      4.8289221E-02
         614  0.5096848      5.2926622E-02
         615  0.3956752      2.9545048E-02
         616  0.2978349      9.5262919E-03
         617  0.2664677      3.1682453E-03
         618  0.2190051     -6.4188363E-03
         619  0.1721412     -1.5943633E-02
         620  0.1803609     -1.4260615E-02
         621  0.1867590     -1.2847922E-02
         622  0.1348831     -2.3310374E-02
         623  8.7471962E-02 -3.3055846E-02
         624  8.0785513E-02 -3.4595978E-02
         625  7.9390489E-02 -3.4941573E-02
         626  8.6826794E-02 -3.3431794E-02
         627  9.7896419E-02 -3.1181352E-02
         628  9.9947892E-02 -3.0568223E-02
         629  0.1264523     -2.4889309E-02
         630  0.1626623     -1.7307987E-02
         631  0.1614508     -1.7599741E-02
         632  0.1350282     -2.3158604E-02
         633  0.1259413     -2.5160182E-02
         634  0.1724110     -1.5675731E-02
         635  0.2641507      3.0532687E-03
         636  0.3259802      1.5600519E-02
         637  0.3118919      1.2976316E-02
         638  0.2665786      4.2730914E-03
         639  0.2697167      5.1404699E-03
         640  0.3317449      1.7810078E-02
         641  0.3733044      2.6276095E-02
         642  0.3462256      2.0718111E-02
         643  0.2943023      1.0120479E-02
         644  0.2378801     -1.4727715E-03
         645  0.1632402     -1.6883817E-02
         646  0.1025074     -2.9364303E-02
         647  0.1294775     -2.3775402E-02
         648  0.2829843      7.5813192E-03
         649  0.4032936      3.1958289E-02
         650  0.3225479      1.5338416E-02
         651  0.1800940     -1.3680375E-02
         652  0.1464923     -2.0498130E-02
         653  0.1952038     -1.0649542E-02
         654  0.2908138      8.7403227E-03
         655  0.3843327      2.7768342E-02
         656  0.4122691      3.3491865E-02
         657  0.4525154      4.1631225E-02
         658  0.5766973      6.6823207E-02
         659  0.6608090      8.4044375E-02
         660  0.5606963      6.3796893E-02
         661  0.3354624      1.7912250E-02
         662  0.1487305     -2.0223718E-02
         663  5.8386300E-02 -3.8719326E-02
         664  4.2761207E-02 -4.1957729E-02
         665  8.4389217E-02 -3.3565156E-02
         666  0.1254566     -2.5298627E-02
         667  0.1404466     -2.2235436E-02
         668  0.2016927     -9.7275805E-03
         669  0.2687094      3.8817201E-03
         670  0.2357779     -2.8535433E-03
         671  0.1965171     -1.0876319E-02
         672  0.2526614      4.8773931E-04
         673  0.3512643      2.0474808E-02
         674  0.3963691      2.9544944E-02
         675  0.3121401      1.2383816E-02
         676  0.1791430     -1.4513236E-02
         677  0.1408114     -2.2183793E-02
         678  0.1640811     -1.7544022E-02
         679  0.1734423     -1.5709605E-02
         680  0.2022587     -9.6539250E-03
         681  0.2402178     -1.6629489E-03
         682  0.2126503     -7.2079599E-03
         683  0.1566782     -1.8666599E-02
         684  0.1852876     -1.2939830E-02
         685  0.3210614      1.4652840E-02
         686  0.4249096      3.5960566E-02
         687  0.3579586      2.2432312E-02
         688  0.2258938     -4.4400073E-03
         689  0.2030636     -9.1313962E-03
         690  0.2563293      1.6205128E-03
         691  0.2797063      6.3147065E-03
         692  0.2531573      9.1118488E-04
         693  0.2025326     -9.3113128E-03
         694  0.1842491     -1.2984805E-02
         695  0.2146371     -6.9015985E-03
         696  0.2147080     -6.9504464E-03
         697  0.1749731     -1.4899611E-02
         698  0.2028385     -9.1813421E-03
         699  0.3011331      1.0587991E-02
         700  0.3667812      2.3691967E-02
         701  0.3732296      2.4952725E-02
         702  0.3113112      1.2488629E-02
         703  0.1852650     -1.3015722E-02
         704  9.9388853E-02 -3.0492246E-02
         705  9.1476150E-02 -3.2119971E-02
         706  9.5107272E-02 -3.1358082E-02
         707  0.1109134     -2.8229017E-02
         708  0.1811163     -1.4020154E-02
         709  0.3033512      1.0891100E-02
         710  0.4188022      3.4341078E-02
         711  0.4233282      3.5147570E-02
         712  0.2952272      9.0468694E-03
         713  0.1627827     -1.7904188E-02
         714  0.1376182     -2.3108477E-02
         715  0.2122233     -8.1217838E-03
         716  0.3298647      1.5565383E-02
         717  0.3709486      2.3834107E-02
         718  0.2938215      8.3098439E-03
         719  0.2526821      1.1685769E-04
         720  0.2730611      4.4270479E-03
         721  0.2350741     -3.0211806E-03
         722  0.1784246     -1.4374941E-02
         723  0.1859629     -1.2849293E-02
         724  0.2149549     -6.9347941E-03
         725  0.2206473     -5.7665445E-03
         726  0.2332572     -3.3182215E-03
         727  0.3041765      1.0905301E-02
         728  0.4242202      3.5055753E-02
         729  0.4492052      3.9968103E-02
         730  0.3271039      1.5232231E-02
         731  0.2429042     -1.7239398E-03
         732  0.2475554     -6.1835354E-04
         733  0.2252609     -4.9200482E-03
         734  0.1977617     -1.0422088E-02
         735  0.2053975     -9.0352530E-03
         736  0.1899901     -1.2317524E-02
         737  0.1542931     -1.9470828E-02
         738  0.1753028     -1.5022320E-02
         739  0.2771840      5.5852802E-03
         740  0.3577513      2.1691130E-02
         741  0.3177662      1.3559587E-02
         742  0.2158995     -6.9279755E-03
         743  0.1482604     -2.0570898E-02
         744  0.1161440     -2.7130749E-02
         745  9.2202291E-02 -3.2044165E-02
         746  9.0473853E-02 -3.2431878E-02
         747  0.1341948     -2.3582105E-02
         748  0.2101624     -8.2003605E-03
         749  0.2750134      4.8616282E-03
         750  0.3089355      1.1581421E-02
         751  0.3290089      1.5533268E-02
         752  0.3101460      1.1757710E-02
         753  0.2230702     -5.7849414E-03
         754  0.1495907     -2.0543780E-02
         755  0.1750558     -1.5198951E-02
         756  0.2294019     -3.9835749E-03
         757  0.2319525     -3.4411848E-03
         758  0.2529450      7.3367089E-04
         759  0.3820034      2.6894527E-02
         760  0.5742990      6.5976940E-02
         761  0.6301161      7.7273287E-02
         762  0.4584265      4.2454127E-02
         763  0.2681622      4.0543722E-03
         764  0.2137966     -6.7652352E-03
         765  0.2041670     -8.6295800E-03
         766  0.1575577     -1.8031266E-02
         767  0.1081389     -2.8042404E-02
         768  9.1785118E-02 -3.1491634E-02
         769  9.7462848E-02 -3.0537864E-02
         770  0.1038127     -2.9339025E-02
         771  0.1478220     -2.0466452E-02
         772  0.2782300      5.7578865E-03
         773  0.3707168      2.4335090E-02
         774  0.3072857      1.1606520E-02
         775  0.2300898     -3.9011368E-03
         776  0.2585601      1.7507101E-03
         777  0.3026812      1.0511809E-02
         778  0.2894164      7.8015802E-03
         779  0.3080562      1.1552760E-02
         780  0.4021397      3.0393122E-02
         781  0.4522231      4.0303528E-02
         782  0.4300730      3.5695374E-02
         783  0.3714089      2.3880938E-02
         784  0.2619397      2.0298378E-03
         785  0.1687041     -1.6574282E-02
         786  0.1371935     -2.2888422E-02
         787  0.1376940     -2.2797136E-02
         788  0.1605057     -1.8251285E-02
         789  0.1944626     -1.1569505E-02
         790  0.2271289     -5.1688859E-03
         791  0.2401386     -2.5297967E-03
         792  0.2275029     -4.8925923E-03
         793  0.2058001     -9.1758193E-03
         794  0.1703530     -1.6182557E-02
         795  0.1309714     -2.3914801E-02
         796  0.1604171     -1.7901151E-02
         797  0.2875269      7.6581151E-03
         798  0.3758058      2.5570208E-02
         799  0.3260047      1.5884420E-02
         800  0.2557924      1.9676038E-03
         801  0.2409807     -9.8300423E-04
         802  0.2491708      4.5270106E-04
         803  0.3142086      1.3282033E-02
         804  0.4016750      3.0814920E-02
         805  0.3873882      2.7967539E-02
         806  0.2850792      7.3976056E-03
         807  0.1830966     -1.3132076E-02
         808  0.1181851     -2.6281098E-02
         809  0.1566213     -1.8687431E-02
         810  0.2884822      7.7906549E-03
         811  0.3270509      1.5622543E-02
         812  0.2302353     -3.7829217E-03
         813  0.1715779     -1.5558193E-02
         814  0.1730391     -1.5248463E-02
         815  0.1518477     -1.9553248E-02
         816  0.1439107     -2.1215582E-02
         817  0.1579258     -1.8373821E-02
         818  0.1825921     -1.3383298E-02
         819  0.2709957      4.2977645E-03
         820  0.3765948      2.5332231E-02
         821  0.4187897      3.3644479E-02
         822  0.4160039      3.3043701E-02
         823  0.3473461      1.9326940E-02
         824  0.2080809     -8.5256156E-03
         825  0.1366342     -2.2785593E-02
         826  0.2181581     -6.5339291E-03
         827  0.3216501      1.4001061E-02
         828  0.2976493      9.1608381E-03
         829  0.2354533     -3.2046712E-03
         830  0.2817523      6.0401596E-03
         831  0.3593743      2.1466848E-02
         832  0.3505981      1.9687027E-02
         833  0.3198023      1.3702219E-02
         834  0.3448248      1.8916348E-02
         835  0.3350414      1.6908625E-02
         836  0.2240302     -5.5450746E-03
         837  0.1401684     -2.2525039E-02
         838  0.1572583     -1.9166613E-02
         839  0.1774997     -1.5111732E-02
         840  0.1405586     -2.2540053E-02
         841  8.2722925E-02 -3.4107406E-02
         842  7.0927642E-02 -3.6377136E-02
         843  0.1540196     -1.9726316E-02
         844  0.2617994      1.7868783E-03
         845  0.2556680      7.3343737E-04
         846  0.1486367     -2.0442652E-02
         847  6.4174078E-02 -3.7312958E-02
         848  5.4530464E-02 -3.9235145E-02
         849  0.1377456     -2.2585517E-02
         850  0.2672985      3.2024782E-03
         851  0.3091650      1.1471962E-02
         852  0.2831400      6.3489573E-03
         853  0.3264437      1.5069826E-02
         854  0.3975873      2.9168170E-02
         855  0.3676307      2.3112195E-02
         856  0.2411080     -2.0961536E-03
         857  0.1213944     -2.5998820E-02
         858  8.6624973E-02 -3.2941572E-02
         859  0.1480722     -2.0602847E-02
         860  0.2722308      4.0750992E-03
         861  0.3623046      2.1822531E-02
         862  0.3555153      2.0416442E-02
         863  0.3304558      1.5363909E-02
         864  0.3179607      1.2711341E-02
         865  0.2605045      1.4620902E-03
         866  0.1749736     -1.5141584E-02
         867  0.1358529     -2.2698803E-02
         868  0.2195261     -5.8392687E-03
         869  0.3978006      2.9890811E-02
         870  0.4986840      5.0035786E-02
         871  0.4454522      3.9319169E-02
         872  0.3375470      1.7620128E-02
         873  0.2472797     -5.3900841E-04
         874  0.1804888     -1.3923471E-02
         875  0.1724279     -1.5548619E-02
         876  0.2736949      4.6610632E-03
         877  0.4417421      3.8218446E-02
         878  0.4869466      4.7232952E-02
         879  0.3292124      1.5633589E-02
         880  0.1726414     -1.5814647E-02
         881  0.2010737     -1.0171214E-02
         882  0.3547121      2.0729516E-02
         883  0.4303621      3.6034465E-02
         884  0.3511565      2.0188337E-02
         885  0.2746961      5.0346893E-03
         886  0.2582257      2.0677946E-03
         887  0.1961509     -1.0383786E-02
         888  0.1195040     -2.5928708E-02
         889  0.1132499     -2.7209744E-02
         890  0.1353644     -2.2773195E-02
         891  0.1245511     -2.4942143E-02
         892  0.1060774     -2.8621802E-02
         893  0.1305930     -2.3702396E-02
         894  0.1879020     -1.2319778E-02
         895  0.2354953     -2.9382973E-03
         896  0.2323488     -3.5971645E-03
         897  0.1747979     -1.5083805E-02
         898  0.1316977     -2.3765039E-02
         899  0.1504307     -2.0059690E-02
         900  0.1979413     -1.0457456E-02
         901  0.2390956     -2.0688628E-03
         902  0.2919155      8.5371006E-03
         903  0.3894013      2.7893621E-02
         904  0.4670158      4.3226544E-02
         905  0.4081580      3.1391073E-02
         906  0.2612410      2.0126675E-03
         907  0.1877795     -1.2726313E-02
         908  0.2314018     -4.0088547E-03
         909  0.3136294      1.2562283E-02
         910  0.3322693      1.6339151E-02
         911  0.2590722      1.5436814E-03
         912  0.2083389     -8.7003903E-03
         913  0.2482099     -6.7373889E-04
         914  0.2643286      2.5560388E-03
         915  0.1992264     -1.0543852E-02
         916  0.1538859     -1.9722659E-02
         917  0.1641309     -1.7748909E-02
         918  0.1605976     -1.8434329E-02
         919  0.1510115     -2.0339752E-02
         920  0.1911724     -1.2141238E-02
         921  0.2229128     -5.3173555E-03
         922  0.2331469     -2.9554069E-03
         923  0.3164765      1.3863506E-02
         924  0.3868684      2.8039861E-02
         925  0.3226484      1.5055376E-02
         926  0.2190228     -5.9476458E-03
         927  0.1987767     -1.0068730E-02
         928  0.2821158      6.9535826E-03
         929  0.3624274      2.3412557E-02
         930  0.3259715      1.6166816E-02
         931  0.2350873     -2.1584390E-03
         932  0.1969347     -1.0005127E-02
         933  0.2558123      1.6115082E-03
         934  0.4170072      3.4005553E-02
         935  0.5313807      5.7275657E-02
         936  0.4341149      3.7961733E-02
         937  0.2337544     -2.4418924E-03
         938  0.1159303     -2.6422601E-02
         939  9.1098070E-02 -3.1564035E-02
         940  0.1077643     -2.8271403E-02
         941  0.1460289     -2.0618079E-02
         942  0.1939225     -1.1008189E-02
         943  0.2900569      8.2797818E-03
         944  0.4306569      3.6639161E-02
         945  0.4527122      4.1286167E-02
         946  0.3132168      1.3231031E-02
         947  0.1969541     -1.0368885E-02
         948  0.1854234     -1.2744349E-02
         949  0.2541420      1.2727467E-03
         950  0.3860242      2.7797725E-02
         951  0.4401655      3.8350362E-02
         952  0.3272369      1.5458846E-02
         953  0.1992076     -1.0225841E-02
         954  0.2032374     -9.4621191E-03
         955  0.3003241      9.9297101E-03
         956  0.3517726      2.0291088E-02
         957  0.2817474      6.3194670E-03
         958  0.1610102     -1.7942118E-02
         959  9.5149994E-02 -3.1210657E-02
         960  9.6678831E-02 -3.0898517E-02
         961  0.1217481     -2.5917778E-02
         962  0.1505955     -2.0236595E-02
         963  0.1597295     -1.8449070E-02
         964  0.1466793     -2.1007519E-02
         965  0.1776216     -1.4728741E-02
         966  0.2447585     -1.1554909E-03
         967  0.2483131     -2.2475803E-04
         968  0.1823760     -1.3336115E-02
         969  0.1236791     -2.5117854E-02
         970  0.1018521     -2.9548170E-02
         971  0.1158261     -2.6792977E-02
         972  0.1979719     -1.0317609E-02
         973  0.3349964      1.7144276E-02
         974  0.3928855      2.8651042E-02
         975  0.3126592      1.2416949E-02
         976  0.2187855     -6.5349909E-03
         977  0.1947055     -1.1395485E-02
         978  0.1983476     -1.0589191E-02
         979  0.1814871     -1.3929292E-02
         980  0.1456952     -2.1185294E-02
         981  0.1569904     -1.8966656E-02
         982  0.2476064     -6.5613148E-04
         983  0.2930159      8.6508282E-03
         984  0.2113217     -7.7292314E-03
         985  0.1487818     -2.0512942E-02
         986  0.2006316     -1.0360032E-02
         987  0.2543691      3.2773794E-04
         988  0.2518756     -2.0023016E-04
         989  0.2567683      7.8757561E-04
         990  0.2540962      3.3629788E-04
         991  0.1921820     -1.1986613E-02
         992  0.1292993     -2.4571804E-02
         993  0.1497105     -2.0566648E-02
         994  0.2727844      3.8831893E-03
         995  0.3992830      2.9061826E-02
         996  0.4345806      3.6050331E-02
         997  0.4568336      4.0191758E-02
         998  0.5370189      5.5940568E-02
         999  0.6150872      7.1750842E-02
        1000  0.5526976      5.9638262E-02
        1001  0.3416425      1.7514190E-02
        1002  0.2017736     -1.0551759E-02
        1003  0.1982385     -1.1014204E-02
        1004  0.2070218     -8.7532187E-03
        1005  0.2313172     -3.7634682E-03
        1006  0.2783261      5.8291112E-03
        1007  0.2593004      2.5491824E-03
        1008  0.2115632     -7.0422902E-03
        1009  0.2545465      1.3029382E-03
        1010  0.3242441      1.5273104E-02
        1011  0.2807055      6.6060349E-03
        1012  0.1788696     -1.3840099E-02
        1013  0.1409128     -2.1537097E-02
        1014  0.1435539     -2.1119345E-02
        1015  0.1382203     -2.2253769E-02
        1016  0.1347056     -2.2980142E-02
        1017  0.1276400     -2.4440037E-02
        1018  0.1265488     -2.4664802E-02
        1019  0.1848910     -1.2876989E-02
        1020  0.2842683      7.2023752E-03
        1021  0.3068658      1.1860901E-02
        1022  0.2164461     -6.3534197E-03
        1023  0.1178647     -2.6341775E-02
        1024  0.1278467     -2.4426814E-02
        1025  0.2515842      4.4934504E-04
        1026  0.3458307      1.9354684E-02
        1027  0.3190184      1.3892965E-02
        1028  0.2640506      2.8344986E-03
        1029  0.2838786      6.7992741E-03
        1030  0.3834102      2.6672233E-02
        1031  0.4477571      3.9548989E-02
        1032  0.3890929      2.7884925E-02
        1033  0.3398605      1.7979624E-02
        1034  0.3645465      2.2708002E-02
        1035  0.3430385      1.8280610E-02
        1036  0.2970304      9.0361563E-03
        1037  0.3021581      9.9530369E-03
        1038  0.2836688      6.2175691E-03
        1039  0.2057577     -9.2092380E-03
        1040  0.1655257     -1.7185505E-02
        1041  0.1956661     -1.1306008E-02
        1042  0.2170453     -7.1162083E-03
        1043  0.2183398     -6.7733144E-03
        1044  0.2764646      4.9314043E-03
        1045  0.3675604      2.3115428E-02
        1046  0.3538010      2.0287618E-02
        1047  0.2145240     -7.5763850E-03
        1048  8.3245330E-02 -3.3831161E-02
        1049  4.5101788E-02 -4.1352745E-02
        1050  7.9505675E-02 -3.4288023E-02
        1051  0.1648580     -1.7088117E-02
        1052  0.2997387      9.9340389E-03
        1053  0.3789565      2.5896704E-02
        1054  0.2889768      7.9379305E-03
        1055  0.1702505     -1.5919371E-02
        1056  0.2178341     -6.5310649E-03
        1057  0.3441488      1.8640716E-02
        1058  0.3890361      2.7728980E-02
        1059  0.3917366      2.8670119E-02
        1060  0.3788928      2.6264861E-02
        1061  0.2899803      8.4805163E-03
        1062  0.1999148     -9.5767677E-03
        1063  0.1927910     -1.1071312E-02
        1064  0.1870055     -1.2282523E-02
        1065  0.1332524     -2.3129407E-02
        1066  0.1170738     -2.6452316E-02
        1067  0.1576353     -1.8284729E-02
        1068  0.1834054     -1.2999682E-02
        1069  0.2214340     -5.3536701E-03
        1070  0.3016017      1.0598621E-02
        1071  0.3200003      1.4080721E-02
        1072  0.2346946     -3.2035925E-03
        1073  0.1621460     -1.7756192E-02
        1074  0.1767746     -1.4671191E-02
        1075  0.1938628     -1.1105470E-02
        1076  0.1642197     -1.7057430E-02
        1077  0.1764543     -1.4695534E-02
        1078  0.2407591     -1.7827835E-03
        1079  0.2920454      8.6493930E-03
        1080  0.3345038      1.7237727E-02
        1081  0.3679236      2.3800163E-02
        1082  0.3718881      2.4333967E-02
        1083  0.3330784      1.6411923E-02
        1084  0.2390221     -2.4016330E-03
        1085  0.1581605     -1.8559081E-02
        1086  0.2028372     -9.6444245E-03
        1087  0.3045039      1.0636094E-02
        1088  0.2952511      8.7114964E-03
        1089  0.1987968     -1.0600585E-02
        1090  0.1376972     -2.2830542E-02
        1091  0.1409028     -2.2289861E-02
        1092  0.1709607     -1.6333798E-02
        1093  0.1789345     -1.4636693E-02
        1094  0.1458889     -2.1173820E-02
        1095  0.1230544     -2.5858136E-02
        1096  0.2004401     -1.0324589E-02
        1097  0.3593693      2.2157522E-02
        1098  0.4755813      4.5905221E-02
        1099  0.5088530      5.2413594E-02
        1100  0.4436402      3.9195351E-02
        1101  0.2620392      2.7188081E-03
        1102  0.1451899     -2.0767691E-02
        1103  0.2602083      2.4100055E-03
        1104  0.3962342      2.9864267E-02
        1105  0.3072522      1.2077218E-02
        1106  0.1783568     -1.3799163E-02
        1107  0.2488921      5.0503452E-04
        1108  0.3592939      2.2729576E-02
        1109  0.3074900      1.2101335E-02
        1110  0.1960281     -1.0505212E-02
        1111  0.1800567     -1.3644204E-02
        1112  0.2385066     -1.6976977E-03
        1113  0.2615688      3.0509569E-03
        1114  0.2461458     -1.9094568E-05
        1115  0.2657825      3.8065917E-03
        1116  0.2655320      3.5102051E-03
        1117  0.2315354     -3.3611860E-03
        1118  0.2695478      4.4593466E-03
        1119  0.2961016      9.8643126E-03
        1120  0.1979629     -1.0005183E-02
        1121  9.3145274E-02 -3.1272296E-02
        1122  7.0218958E-02 -3.6002133E-02
        1123  8.8838682E-02 -3.2248609E-02
        1124  0.1697664     -1.5869183E-02
        1125  0.3211545      1.4585922E-02
        1126  0.3819509      2.6730260E-02
        1127  0.2940056      9.0680402E-03
        1128  0.2390794     -1.9854899E-03
        1129  0.2963971      9.4933081E-03
        1130  0.4106913      3.2500345E-02
        1131  0.4828286      4.7068421E-02
        1132  0.4058498      3.1700179E-02
        1133  0.2593635      2.3687945E-03
        1134  0.1824156     -1.3118321E-02
        1135  0.1689374     -1.5934400E-02
        1136  0.1610415     -1.7523158E-02
        1137  0.1605431     -1.7571937E-02
        1138  0.1844514     -1.2839409E-02
        1139  0.1739137     -1.5074002E-02
        1140  0.1095567     -2.8061638E-02
        1141  8.1800647E-02 -3.3729725E-02
        1142  0.1102474     -2.8145224E-02
        1143  0.1411324     -2.1987420E-02
        1144  0.1752682     -1.5119163E-02
        1145  0.1966770     -1.0805202E-02
        1146  0.1945975     -1.1223959E-02
        1147  0.2425590     -1.6626513E-03
        1148  0.3298645      1.5914319E-02
        1149  0.3261531      1.5406527E-02
        1150  0.2280662     -4.2805821E-03
        1151  0.1880398     -1.2666480E-02
        1152  0.2796484      5.4813079E-03
        1153  0.4017749      3.0008897E-02
        1154  0.4022913      3.0120714E-02
        1155  0.3239594      1.4311021E-02
        1156  0.3599923      2.1356257E-02
        1157  0.4504691      3.9433721E-02
        1158  0.4140054      3.2384243E-02
        1159  0.3024422      1.0272655E-02
        1160  0.2271559     -4.9441708E-03
        1161  0.1953059     -1.1594392E-02
        1162  0.1566287     -1.9338546E-02
        1163  8.8613965E-02 -3.2765359E-02
        1164  5.5995826E-02 -3.9232671E-02
        1165  0.1030774     -2.9881138E-02
        1166  0.1664078     -1.7248388E-02
        1167  0.1861483     -1.3310351E-02
        1168  0.1976169     -1.1057539E-02
        1169  0.2098467     -8.5431738E-03
        1170  0.2006656     -1.0221976E-02
        1171  0.2635759      2.1593564E-03
        1172  0.4283266      3.4566198E-02
        1173  0.4972032      4.8252810E-02
        1174  0.3830114      2.5870517E-02
        1175  0.2787699      5.3183180E-03
        1176  0.3016465      9.8514585E-03
        1177  0.3260387      1.4799326E-02
        1178  0.2754344      5.0384798E-03
        1179  0.2635849      2.8252415E-03
        1180  0.3431250      1.8548992E-02
        1181  0.4206789      3.3713005E-02
        1182  0.4273238      3.4768753E-02
        1183  0.3704903      2.3395542E-02
        1184  0.2732849      4.2190826E-03
        1185  0.1852436     -1.2997985E-02
        1186  0.2073488     -8.3088251E-03
        1187  0.3440225      1.9047601E-02
        1188  0.4403542      3.8188431E-02
        1189  0.4013789      3.0264402E-02
        1190  0.3067779      1.1233640E-02
        1191  0.2378418     -2.5043830E-03
        1192  0.1867082     -1.2538995E-02
        1193  0.1596774     -1.7758112E-02
        1194  0.1744365     -1.4647206E-02
        1195  0.2298309     -3.5569742E-03
        1196  0.2680216      3.8894240E-03
        1197  0.2015257     -9.5160902E-03
        1198  8.4228694E-02 -3.2966785E-02
        1199  3.4927759E-02 -4.2832009E-02
        1200  5.6322146E-02 -3.8577650E-02
        1201  8.4853478E-02 -3.2921378E-02
        1202  9.4867155E-02 -3.1004189E-02
        1203  0.1337975     -2.3217920E-02
        1204  0.2270087     -4.4141770E-03
        1205  0.2817242      6.6980571E-03
        1206  0.2400326     -1.6417213E-03
        1207  0.2001568     -9.8018125E-03
        1208  0.2303959     -3.9848243E-03
        1209  0.2390554     -2.3477250E-03
        1210  0.1632677     -1.7408933E-02
        1211  0.1076997     -2.8427390E-02
        1212  0.1407141     -2.1917421E-02
        1213  0.1774588     -1.4699810E-02
        1214  0.1699922     -1.6201610E-02
        1215  0.1594274     -1.8356383E-02
        1216  0.1608167     -1.8194998E-02
        1217  0.2019909     -1.0040055E-02
        1218  0.3212355      1.3772557E-02
        1219  0.4348787      3.6588974E-02
        1220  0.4169486      3.3075668E-02
        1221  0.2793336      5.4364079E-03
        1222  0.1468451     -2.1116497E-02
        1223  0.1113928     -2.8149758E-02
        1224  0.1371104     -2.2995815E-02
        1225  0.1604424     -1.8320454E-02
        1226  0.2031841     -9.7684767E-03
        1227  0.3455174      1.8563421E-02
        1228  0.5552015      6.0190279E-02
        1229  0.5976858      6.8496294E-02
        1230  0.4282543      3.4703642E-02
        1231  0.2828193      5.7470053E-03
        1232  0.2499774     -8.3279517E-04
        1233  0.3059874      1.0065487E-02
        1234  0.3829125      2.5095191E-02
        1235  0.3693911      2.2411898E-02
        1236  0.3384576      1.6280884E-02
        1237  0.3240419      1.3386642E-02
        1238  0.2218937     -6.7372075E-03
        1239  0.1273912     -2.5354372E-02
        1240  0.1660961     -1.7692965E-02
        1241  0.2475319     -1.5617700E-03
        1242  0.3114995      1.1134540E-02
        1243  0.3815919      2.5045058E-02
        1244  0.3717669      2.3490433E-02
        1245  0.2387449     -2.3621419E-03
        1246  0.1342370     -2.3252916E-02
        1247  0.1573651     -1.8828005E-02
        1248  0.2012724     -1.0044979E-02
        1249  0.1718660     -1.5845392E-02
        1250  0.1207863     -2.6068108E-02
        1251  0.1182605     -2.6333699E-02
        1252  0.1967596     -9.9359015E-03
        1253  0.3168406      1.5159028E-02
        1254  0.3715696      2.6257772E-02
        1255  0.3478336      2.1284381E-02
        1256  0.3463827      2.1037590E-02
        1257  0.4098727      3.4194503E-02
        1258  0.4656505      4.5837291E-02
        1259  0.4579194      4.4398826E-02
        1260  0.3708394      2.6456768E-02
        1261  0.2371489     -1.2506101E-03
        1262  0.1672579     -1.5930813E-02
        1263  0.1685126     -1.5847724E-02
        1264  0.1595567     -1.7635366E-02
        1265  0.1374071     -2.2164987E-02
        1266  0.1139337     -2.7045118E-02
        1267  0.1113361     -2.7545255E-02
        1268  0.1588247     -1.7727999E-02
        1269  0.1823199     -1.2904421E-02
        1270  0.1216439     -2.5364181E-02
        1271  4.9310330E-02 -4.0219713E-02
        1272  3.5413198E-02 -4.3088995E-02
        1273  8.3415136E-02 -3.3237901E-02
        1274  0.1710761     -1.5414328E-02
        1275  0.2437992     -8.2315214E-04
        1276  0.2721242      4.8170933E-03
        1277  0.3119808      1.2965293E-02
        1278  0.3843739      2.7804615E-02
        1279  0.4300356      3.7283361E-02
        1280  0.4355516      3.8538776E-02
        1281  0.4007982      3.1474590E-02
        1282  0.2927463      9.3960678E-03
        1283  0.1473898     -2.0397125E-02
        1284  5.2634683E-02 -3.9879322E-02
        1285  3.2540053E-02 -4.4011794E-02
        1286  8.7977335E-02 -3.2592855E-02
        1287  0.2329705     -2.8821633E-03
        1288  0.3715445      2.5313448E-02
        1289  0.3712108      2.4976989E-02
        1290  0.2726779      4.6647517E-03
        1291  0.2210649     -5.9544966E-03
        1292  0.2551512      8.6021138E-04
        1293  0.2775238      5.2946783E-03
        1294  0.2500241     -2.6545479E-04
        1295  0.2575485      1.2772131E-03
        1296  0.3041804      1.0733004E-02
        1297  0.3063119      1.1316188E-02
        1298  0.2776183      5.5872016E-03
        1299  0.2816865      6.3107680E-03
        1300  0.2862784      7.1982453E-03
        1301  0.2764692      5.2248291E-03
        1302  0.3447549      1.8971922E-02
        1303  0.4259469      3.5273414E-02
        1304  0.3744625      2.4753433E-02
        1305  0.2759618      4.8575886E-03
        1306  0.2215983     -6.0290084E-03
        1307  0.1868366     -1.3109381E-02
        1308  0.2144165     -7.7005560E-03
        1309  0.2786243      5.2107424E-03
        1310  0.2657512      2.7049941E-03
        1311  0.2244753     -5.5105174E-03
        1312  0.2648537      2.6351756E-03
        1313  0.3057486      1.0751179E-02
        1314  0.2321209     -4.3161712E-03
        1315  0.1455086     -2.1973414E-02
        1316  0.1757692     -1.5891552E-02
        1317  0.2445358     -1.7007721E-03
        1318  0.2347683     -3.1824152E-03
        1319  0.1711567     -1.5922027E-02
        1320  0.1658876     -1.6943118E-02
        1321  0.2560458      1.5551073E-03
        1322  0.3024497      1.1058402E-02
        1323  0.2203960     -5.8580027E-03
        1324  0.1170159     -2.7101547E-02
        1325  6.3970156E-02 -3.7865616E-02
        1326  6.0212947E-02 -3.8506728E-02
        1327  0.1081533     -2.8649112E-02
        1328  0.1856520     -1.2726017E-02
        1329  0.2423131     -1.0200847E-03
        1330  0.2277491     -3.9999331E-03
        1331  0.1689610     -1.6207192E-02
        1332  0.1331179     -2.3747915E-02
        1333  0.1200389     -2.6489237E-02
        1334  0.1259970     -2.5240142E-02
        1335  0.1669706     -1.6897460E-02
        1336  0.2499159     -1.2795049E-04
        1337  0.3938633      2.8895052E-02
        1338  0.4985161      4.9998920E-02
        1339  0.4364318      3.7585638E-02
        1340  0.3213528      1.4529605E-02
        1341  0.2943328      9.2125079E-03
        1342  0.3185592      1.4275306E-02
        1343  0.3342013      1.7451582E-02
        1344  0.3309102      1.6473768E-02
        1345  0.3242127      1.4760651E-02
        1346  0.3049306      1.0687222E-02
        1347  0.2755457      4.7024451E-03
        1348  0.2993562      9.5437821E-03
        1349  0.3439256      1.8647159E-02
        1350  0.3489795      1.9693194E-02
        1351  0.3455388      1.8800590E-02
        1352  0.3226166      1.3902582E-02
        1353  0.2508486     -7.1140862E-04
        1354  0.1567624     -1.9730082E-02
        1355  0.1258926     -2.6028456E-02
        1356  0.2586446      6.5184402E-04
        1357  0.4714892      4.3511916E-02
        1358  0.5297917      5.5299383E-02
        1359  0.3787611      2.5046373E-02
        1360  0.1861647     -1.3433178E-02
        1361  7.9026364E-02 -3.4792162E-02
        1362  7.4914351E-02 -3.5495225E-02
        1363  0.1473386     -2.0806074E-02
        1364  0.1978694     -1.0721704E-02
        1365  0.1622995     -1.8195679E-02
        1366  0.1299982     -2.4695722E-02
        1367  0.1823762     -1.3709696E-02
        1368  0.2716030      4.6594921E-03
        1369  0.3272170      1.5957491E-02
        1370  0.3321173      1.6741529E-02
        1371  0.2745093      4.7598886E-03
        1372  0.1720386     -1.6035525E-02
        1373  0.1264462     -2.5114950E-02
        1374  0.1801437     -1.4120358E-02
        1375  0.2448648     -9.5509045E-04
        1376  0.2836911      6.8944530E-03
        1377  0.3233841      1.4875910E-02
        1378  0.3263743      1.5318512E-02
        1379  0.2804409      5.6699826E-03
        1380  0.2130106     -8.1330780E-03
        1381  0.1433776     -2.1887267E-02
        1382  0.1560770     -1.8902043E-02
        1383  0.2590285      2.0101301E-03
        1384  0.2991088      9.8998370E-03
        1385  0.2164051     -7.0434134E-03
        1386  0.1266136     -2.5192868E-02
        1387  0.1359273     -2.3180654E-02
        1388  0.2429147     -1.5141653E-03
        1389  0.3476869      1.9632919E-02
        1390  0.3422468      1.8581718E-02
        1391  0.2466098     -6.8311958E-04
        1392  0.1801449     -1.4140387E-02
        1393  0.1838833     -1.3394935E-02
        1394  0.1774936     -1.4660683E-02
        1395  0.1215388     -2.6052574E-02
        1396  7.0299879E-02 -3.6576662E-02
        1397  4.9683291E-02 -4.0813982E-02
        1398  9.1284797E-02 -3.2397058E-02
        1399  0.2414010     -2.1056649E-03
        1400  0.3580790      2.1533860E-02
        1401  0.3142500      1.2905061E-02
        1402  0.2741226      4.8815617E-03
        1403  0.3163071      1.3272339E-02
        1404  0.3741970      2.4805045E-02
        1405  0.4641428      4.2974375E-02
        1406  0.4848375      4.7338326E-02
        1407  0.3605203      2.2310782E-02
        1408  0.2473221     -6.4920232E-04
        1409  0.2338241     -3.4769352E-03
        1410  0.2497248     -3.3853148E-04
        1411  0.3019290      1.0021579E-02
        1412  0.4427550      3.8124464E-02
        1413  0.5300331      5.5649180E-02
        1414  0.4702266      4.3826610E-02
        1415  0.4066959      3.1038579E-02
        1416  0.3627770      2.1921337E-02
        1417  0.2913050      7.3624738E-03
        1418  0.2657009      2.2587613E-03
        1419  0.2882026      6.9844127E-03
        1420  0.2711324      4.0408107E-03
        1421  0.1883705     -1.2178117E-02
        1422  0.1186259     -2.6281649E-02
        1423  0.1270301     -2.4641672E-02
        1424  0.1758323     -1.4672952E-02
        1425  0.2501251      4.3614890E-04
        1426  0.3260915      1.5674122E-02
        1427  0.2963946      9.4121387E-03
        1428  0.1935176     -1.1405492E-02
        1429  0.1616615     -1.7707925E-02
        1430  0.1974211     -1.0447321E-02
        1431  0.2185310     -6.1180131E-03
        1432  0.2026917     -9.2830881E-03
        1433  0.1578179     -1.8510418E-02
        1434  9.7644985E-02 -3.0830467E-02
        1435  4.7522869E-02 -4.1048728E-02
        1436  4.0412433E-02 -4.2576723E-02
        1437  0.1063677     -2.9214924E-02
        1438  0.2314028     -3.6139437E-03
        1439  0.3350688      1.7773783E-02
        1440  0.3295402      1.6695732E-02
        1441  0.2397448     -1.7354459E-03
        1442  0.2064786     -8.7332623E-03
        1443  0.2729844      4.6308488E-03
        1444  0.3134750      1.2965576E-02
        1445  0.2514891      4.7965680E-04
        1446  0.1528521     -1.9662794E-02
        1447  8.9063466E-02 -3.2676499E-02
        1448  9.1844343E-02 -3.1993080E-02
        1449  0.1934523     -1.1277558E-02
        1450  0.3242004      1.5081873E-02
        1451  0.3305109      1.6089419E-02
        1452  0.2589566      1.5436413E-03
        1453  0.2893758      7.7180485E-03
        1454  0.3768975      2.5344815E-02
        1455  0.3933656      2.8637055E-02
        1456  0.3400045      1.7833715E-02
        1457  0.2366395     -3.0194244E-03
        1458  0.1564201     -1.9059326E-02
        1459  0.1832765     -1.3497810E-02
        1460  0.2712028      4.2229188E-03
        1461  0.3289714      1.5736494E-02
        1462  0.3052985      1.0818335E-02
        1463  0.2074077     -8.9967409E-03
        1464  0.1199641     -2.6647624E-02
        1465  0.1152917     -2.7629828E-02
        1466  0.1639594     -1.7821787E-02
        1467  0.1888675     -1.2442914E-02
        1468  0.1608162     -1.7665897E-02
        1469  0.1551011     -1.8874716E-02
        1470  0.2615075      2.3593432E-03
        1471  0.3631216      2.2818642E-02
        1472  0.3639105      2.2911519E-02
        1473  0.4334691      3.6677081E-02
        1474  0.5372766      5.7364337E-02
        1475  0.4459546      3.9022613E-02
        1476  0.2467463     -9.0331520E-04
        1477  0.1350006     -2.3290168E-02
        1478  0.1219072     -2.5866838E-02
        1479  0.1484334     -2.0513812E-02
        1480  0.1708820     -1.6078474E-02
        1481  0.1773144     -1.4910602E-02
        1482  0.2000303     -1.0425551E-02
        1483  0.2619986      2.0139669E-03
        1484  0.3014826      9.9353883E-03
        1485  0.3381604      1.7252957E-02
        1486  0.4789184      4.5484941E-02
        1487  0.5835615      6.6486791E-02
        1488  0.4843135      4.6961393E-02
        1489  0.3335553      1.7389596E-02
        1490  0.2495016      5.5588654E-04
        1491  0.1809910     -1.3542649E-02
        1492  0.1660852     -1.6705018E-02
        1493  0.1835196     -1.3175794E-02
        1494  0.1372456     -2.2568237E-02
        1495  8.5694112E-02 -3.3039466E-02
        1496  9.2806615E-02 -3.1562023E-02
        1497  0.1309283     -2.3781624E-02
        1498  0.2260533     -4.4463458E-03
        1499  0.3955390      3.0022083E-02
        1500  0.5100238      5.3396311E-02
        1501  0.4506975      4.1373216E-02
        1502  0.3262691      1.5941842E-02
        1503  0.2657842      3.4898440E-03
        1504  0.2299370     -3.8968846E-03
        1505  0.1910357     -1.1877940E-02
        1506  0.1711769     -1.5886055E-02
        1507  0.1537695     -1.9362707E-02
        1508  0.1230793     -2.5686340E-02
        1509  0.1291845     -2.4610629E-02
        1510  0.2262098     -5.0465316E-03
        1511  0.3615472      2.2444163E-02
        1512  0.4781478      4.6287857E-02
        1513  0.5192192      5.4672651E-02
        1514  0.3964373      2.9653881E-02
        1515  0.2155348     -7.0876484E-03
        1516  0.1526207     -1.9521160E-02
        1517  0.1505786     -1.9468280E-02
        1518  0.1121853     -2.7225176E-02
        1519  0.1032197     -2.9223796E-02
        1520  0.1590285     -1.7805366E-02
        1521  0.1734339     -1.4845686E-02
        1522  0.1041189     -2.9080879E-02
        1523  4.7982361E-02 -4.0626079E-02
        1524  5.7574302E-02 -3.8704246E-02
        1525  7.8967787E-02 -3.4379251E-02
        1526  8.6702168E-02 -3.2873888E-02
        1527  0.1235254     -2.5407599E-02
        1528  0.1890497     -1.2037591E-02
        1529  0.2474556     -5.0325871E-05
        1530  0.2996557      1.0675174E-02
        1531  0.3605301      2.2988884E-02
        1532  0.4159472      3.4084152E-02
        1533  0.4264570      3.6125623E-02
        1534  0.3664018      2.3826385E-02
        1535  0.2768901      5.5384673E-03
        1536  0.2413296     -1.6483833E-03
        1537  0.2269514     -4.4811140E-03
        1538  0.1614918     -1.7760511E-02
        1539  0.1185260     -2.6411420E-02
        1540  0.1825621     -1.3228001E-02
        1541  0.3024195      1.1139506E-02
        1542  0.3751016      2.5855785E-02
        1543  0.3956758      3.0000197E-02
        1544  0.4060726      3.1863786E-02
        1545  0.3684019      2.3926953E-02
        1546  0.2728186      4.4189217E-03
        1547  0.2349971     -3.1464279E-03
        1548  0.3357530      1.7670617E-02
        1549  0.4573192      4.2694986E-02
        1550  0.4407285      3.9413970E-02
        1551  0.2965710      1.0008200E-02
        1552  0.1514508     -1.9697187E-02
        1553  0.1198511     -2.6151180E-02
        1554  0.1927798     -1.1217147E-02
        1555  0.2370826     -2.2303448E-03
        1556  0.2129280     -7.2577954E-03
        1557  0.2068529     -8.5092755E-03
        1558  0.2084086     -8.1673646E-03
        1559  0.1842985     -1.3087042E-02
        1560  0.2243480     -4.9842908E-03
        1561  0.3054264      1.1677113E-02
        1562  0.2711222      5.1069856E-03
        1563  0.1528965     -1.8939670E-02
        1564  0.1119933     -2.7342821E-02
        1565  0.1233217     -2.5053898E-02
        1566  9.9695288E-02 -2.9909415E-02
        1567  0.1001604     -2.9754443E-02
        1568  0.1277845     -2.4053549E-02
        1569  9.8883703E-02 -3.0048111E-02
        1570  6.3991480E-02 -3.7342072E-02
        1571  0.1276034     -2.4453996E-02
        1572  0.2790673      6.5209763E-03
        1573  0.4456885      4.0628750E-02
        1574  0.5375711      5.9348397E-02
        1575  0.4657221      4.4614408E-02
        1576  0.2833239      7.3214467E-03
        1577  0.1800776     -1.3905103E-02
        1578  0.2359306     -2.6524351E-03
        1579  0.3304536      1.6508881E-02
        1580  0.3341127      1.7133411E-02
        1581  0.2877827      7.7634295E-03
        1582  0.3032342      1.1208080E-02
        1583  0.3682089      2.4776878E-02
        1584  0.3775286      2.6812807E-02
        1585  0.2907131      8.9444369E-03
        1586  0.1860187     -1.2652708E-02
        1587  0.1502968     -2.0102901E-02
        1588  0.1727169     -1.5684504E-02
        1589  0.1806558     -1.4112012E-02
        1590  0.1856504     -1.3019932E-02
        1591  0.2866220      7.4509559E-03
        1592  0.3874957      2.7758833E-02
        1593  0.3115001      1.2221354E-02
        1594  0.1643759     -1.7695632E-02
        1595  0.1187203     -2.7028244E-02
        1596  0.1726211     -1.5888024E-02
        1597  0.2447562     -5.4949080E-04
        1598  0.2878040      8.7227998E-03
        1599  0.3196701      1.5211618E-02
        1600  0.3073078      1.2661290E-02
        1601  0.2116071     -6.8952660E-03
        1602  0.1152752     -2.6776344E-02
        1603  9.4948314E-02 -3.0949304E-02
        1604  0.1262488     -2.4239272E-02
        1605  0.1485477     -1.9452289E-02
        1606  0.1632172     -1.6442562E-02
        1607  0.2108417     -6.6334852E-03
        1608  0.2221175     -4.3792319E-03
        1609  0.1680962     -1.5589532E-02
        1610  0.2051660     -7.9339789E-03
        1611  0.3330525      1.8477347E-02
        1612  0.3319140      1.8261772E-02
        1613  0.2075474     -7.3754978E-03
        1614  0.1859235     -1.1844588E-02
        1615  0.2988920      1.1389588E-02
        1616  0.3833746      2.8746674E-02
        1617  0.3389706      1.9611737E-02
        1618  0.2224660     -4.3738913E-03
        1619  0.1645171     -1.6371677E-02
        1620  0.1963529     -9.9237766E-03
        1621  0.2914702      9.4199702E-03
        1622  0.4597550      4.3547988E-02
        1623  0.5813059      6.8095751E-02
        1624  0.4811774      4.7589205E-02
        1625  0.2782304      6.2804334E-03
        1626  0.2212278     -5.3219120E-03
        1627  0.2424274     -1.0918588E-03
        1628  0.1828728     -1.3233551E-02
        1629  0.1437947     -2.1049855E-02
        1630  0.2030346     -8.8848136E-03
        1631  0.3210385      1.5186070E-02
        1632  0.5144714      5.4750871E-02
        1633  0.6114960      7.4634589E-02
        1634  0.4108651      3.3541601E-02
        1635  0.1331331     -2.3261499E-02
        1636  2.3064774E-02 -4.5700904E-02
        1637  5.4400407E-02 -3.9139684E-02
        1638  0.2050023     -8.2673561E-03
        1639  0.3772669      2.6993200E-02
        1640  0.3602019      2.3432475E-02
        1641  0.2181122     -5.7194331E-03
        1642  0.2015080     -9.1350954E-03
        1643  0.2474124      2.6043822E-04
        1644  0.1712037     -1.5378512E-02
        1645  6.9324538E-02 -3.6289185E-02
        1646  7.6807953E-02 -3.4760367E-02
        1647  0.1452666     -2.0730687E-02
        1648  0.1796188     -1.3742665E-02
        1649  0.1646096     -1.6896768E-02
        1650  0.1615918     -1.7549114E-02
        1651  0.1720338     -1.5336602E-02
        1652  0.1561121     -1.8544685E-02
        1653  0.1739135     -1.5057304E-02
        1654  0.2475155     -1.6724960E-04
        1655  0.2760129      5.6623886E-03
        1656  0.2361318     -2.4840035E-03
        1657  0.2181984     -6.1679631E-03
        1658  0.2724530      4.9046380E-03
        1659  0.3066663      1.1794873E-02
        1660  0.2509740      3.0306078E-04
        1661  0.2604798      2.1442601E-03
        1662  0.3936166      2.9207049E-02
        1663  0.4627042      4.3374658E-02
        1664  0.4170683      3.4259718E-02
        1665  0.3534344      2.1231821E-02
        1666  0.2927628      8.6771464E-03
        1667  0.2100904     -8.1828414E-03
        1668  0.1246912     -2.5515577E-02
        1669  9.7750776E-02 -3.1038461E-02
        1670  0.1373526     -2.3125773E-02
        1671  0.2114867     -8.3044646E-03
        1672  0.2655471      2.4942982E-03
        1673  0.2330739     -4.0705311E-03
        1674  0.1861565     -1.3584203E-02
        1675  0.2011092     -1.0598932E-02
        1676  0.1920242     -1.2304370E-02
        1677  0.1273645     -2.5207778E-02
        1678  0.1036456     -2.9993603E-02
        1679  0.1826861     -1.4152355E-02
        1680  0.3220274      1.3759604E-02
        1681  0.4188849      3.3290666E-02
        1682  0.4491313      3.9890666E-02
        1683  0.4863894      4.7744006E-02
        1684  0.4735562      4.5082521E-02
        1685  0.3206691      1.4077361E-02
        1686  0.1951413     -1.1143924E-02
        1687  0.2429905     -1.2498952E-03
        1688  0.3128410      1.2764744E-02
        1689  0.2703548      4.1758041E-03
        1690  0.2132082     -6.9931713E-03
        1691  0.2068093     -7.9903333E-03
        1692  0.2067327     -8.0169374E-03
        1693  0.2616254      3.1723590E-03
        1694  0.3707488      2.5481153E-02
        1695  0.4204774      3.5632469E-02
        1696  0.3935280      3.0100049E-02
        1697  0.3165695      1.4389865E-02
        1698  0.2251104     -4.3230993E-03
        1699  0.1579741     -1.8143995E-02
        1700  8.7972865E-02 -3.2544605E-02
        1701  2.4050569E-02 -4.5674000E-02
        1702  9.9215051E-03 -4.8569091E-02
        1703  4.8434194E-02 -4.0610570E-02
        1704  0.1271828     -2.4506647E-02
        1705  0.2140072     -7.0227790E-03
        1706  0.2671810      3.5290117E-03
        1707  0.2402378     -2.0187846E-03
        1708  0.1653807     -1.7174566E-02
        1709  0.1680417     -1.6612176E-02
        1710  0.2047747     -9.1874087E-03
        1711  0.1418038     -2.2047305E-02
        1712  4.9797628E-02 -4.0810235E-02
        1713  4.7997408E-02 -4.1221831E-02
        1714  0.1274398     -2.5094952E-02
        1715  0.1992492     -1.0471604E-02
        1716  0.2348981     -3.1101350E-03
        1717  0.3107878      1.2457252E-02
        1718  0.3985944      3.0339973E-02
        1719  0.4104074      3.2586332E-02
        1720  0.3548248      2.1077365E-02
        1721  0.2880153      7.4765845E-03
        1722  0.2969461      9.3017695E-03
        1723  0.3463499      1.9161170E-02
        1724  0.3208911      1.3830720E-02
        1725  0.3290022      1.5597664E-02
        1726  0.4801229      4.6550062E-02
        1727  0.5875040      6.8255857E-02
        1728  0.5140583      5.2980144E-02
        1729  0.3827257      2.6208350E-02
        1730  0.2838948      6.4348145E-03
        1731  0.1981779     -1.0598759E-02
        1732  0.1397007     -2.2378176E-02
        1733  0.1480426     -2.0782059E-02
        1734  0.2383830     -2.6100457E-03
        1735  0.3383627      1.7467417E-02
        1736  0.3434125      1.8424282E-02
        1737  0.2830101      6.3015642E-03
        1738  0.2199296     -6.3912952E-03
        1739  0.1511472     -2.0400945E-02
        1740  0.1210937     -2.6629360E-02
        1741  0.1635645     -1.8107029E-02
        1742  0.2183030     -7.0200702E-03
        1743  0.2421176     -2.1730268E-03
        1744  0.2760404      4.9306774E-03
        1745  0.3504330      2.0617718E-02
        1746  0.3821910      2.7306581E-02
        1747  0.3083617      1.2223063E-02
        1748  0.2008335     -9.6108196E-03
        1749  0.1205478     -2.5861776E-02
        1750  8.6833753E-02 -3.2694865E-02
        1751  0.1245715     -2.5154458E-02
        1752  0.1845063     -1.3108726E-02
        1753  0.1957742     -1.0811160E-02
        1754  0.1763127     -1.4727838E-02
        1755  0.1910074     -1.1783625E-02
        1756  0.2593922      2.0887326E-03
        1757  0.3347864      1.7546071E-02
        1758  0.3558244      2.1966536E-02
        1759  0.3093414      1.2482621E-02
        1760  0.2409694     -1.4555160E-03
        1761  0.1939036     -1.0940655E-02
        1762  0.1888651     -1.1952996E-02
        1763  0.2357685     -2.5111544E-03
        1764  0.2819844      6.8341498E-03
        1765  0.2788155      6.2036193E-03
        1766  0.2446281     -7.7669584E-04
        1767  0.1982116     -1.0284645E-02
        1768  0.1770507     -1.4526128E-02
        1769  0.1905830     -1.1607215E-02
        1770  0.1894597     -1.1903858E-02
        1771  0.1623482     -1.7723996E-02
        1772  0.1254437     -2.5294507E-02
        1773  0.1001051     -3.0211901E-02
        1774  0.1274154     -2.4639124E-02
        1775  0.2297554     -4.2501176E-03
        1776  0.3349957      1.6842470E-02
        1777  0.3585746      2.1773357E-02
        1778  0.3378806      1.7616602E-02
        1779  0.3118882      1.2193444E-02
        1780  0.2567992      1.0222653E-03
        1781  0.1753890     -1.5404950E-02
        1782  9.7677328E-02 -3.1114815E-02
        1783  8.0110244E-02 -3.4644440E-02
        1784  0.1939078     -1.1740259E-02
        1785  0.4052759      3.0618915E-02
        1786  0.5317678      5.5994455E-02
        1787  0.4806006      4.6048075E-02
        1788  0.3637230      2.2858141E-02
        1789  0.2564408      1.2289021E-03
        1790  0.1904304     -1.2130036E-02
        1791  0.2426250     -1.5338761E-03
        1792  0.3375303      1.7650502E-02
        1793  0.3534240      2.0798167E-02
        1794  0.3282697      1.5554390E-02
        1795  0.3037655      1.0500810E-02
        1796  0.2916213      7.9480680E-03
        1797  0.2623731      1.8716372E-03
        1798  0.1760397     -1.5576477E-02
        1799  0.1183194     -2.7166309E-02
        1800  0.1390493     -2.3012115E-02
        1801  0.1798172     -1.4837009E-02
        1802  0.1912167     -1.2592412E-02
        1803  0.1525047     -2.0496652E-02
        1804  0.1274862     -2.5696967E-02
        1805  0.1767295     -1.5883295E-02
        1806  0.2392042     -3.2562851E-03
        1807  0.2398833     -3.0510654E-03
        1808  0.1962218     -1.1779690E-02
        1809  0.1955163     -1.1840152E-02
        1810  0.2705989      3.1831954E-03
        1811  0.3419924      1.7356815E-02
        1812  0.4500362      3.9019190E-02
        1813  0.7223183      9.3571141E-02
        1814  0.8868653      0.1262929    
        1815  0.6469392      7.8076646E-02
        1816  0.3055651      9.8063657E-03
        1817  0.1565822     -1.9929627E-02
        1818  0.1580736     -1.9829515E-02
        1819  0.2721118      2.5358144E-03
        1820  0.3483970      1.7614933E-02
        1821  0.2407404     -3.6127276E-03
        1822  8.2992174E-02 -3.4897283E-02
        1823  2.9991357E-02 -4.5537930E-02
        1824  6.9103941E-02 -3.7858929E-02
        1825  0.1210800     -2.7599724E-02
        1826  0.1257134     -2.6693065E-02
        1827  0.1138181     -2.8957536E-02
        1828  0.1384161     -2.3946872E-02
        1829  0.1648246     -1.8674320E-02
        1830  0.1560002     -2.0555733E-02
        1831  0.1413225     -2.3660209E-02
        1832  0.1666118     -1.8734301E-02
        1833  0.2555355     -8.1554055E-04
        1834  0.3290822      1.4483571E-02
        1835  0.2845301      5.9367740E-03
        1836  0.1889369     -1.3016485E-02
        1837  0.1764242     -1.5204520E-02
        1838  0.2547913      8.5835945E-04
        1839  0.2882731      7.5910436E-03
        1840  0.1940845     -1.1500789E-02
        1841  0.1192284     -2.6718155E-02
        1842  0.1846773     -1.3630331E-02
        1843  0.2517628     -1.3296439E-04
        1844  0.2430280     -1.9030363E-03
        1845  0.3551679      2.0361165E-02
        1846  0.6133903      7.1831390E-02
        1847  0.7027165      8.9797661E-02
        1848  0.4987451      4.9233455E-02
        1849  0.2575420      9.0313796E-04
        1850  0.1776630     -1.5367046E-02
        1851  0.1898269     -1.3007610E-02
        1852  0.2164430     -7.4607660E-03
        1853  0.2754204      4.6355468E-03
        1854  0.3385394      1.7238474E-02
        1855  0.3276084      1.4638287E-02
        1856  0.2528629     -6.8124343E-04
        1857  0.2257358     -6.1882711E-03
        1858  0.2692882      2.6587504E-03
        1859  0.3074742      1.0511831E-02
        1860  0.2963342      8.3667254E-03
        1861  0.2245456     -6.1218883E-03
        1862  0.1509910     -2.1034291E-02
        1863  0.1718788     -1.6959822E-02
        1864  0.2496123     -1.3868335E-03
        1865  0.2739743      3.6011420E-03
        1866  0.2210432     -6.8279556E-03
        1867  0.1300220     -2.4857575E-02
        1868  5.4073129E-02 -3.9941072E-02
        1869  6.1028950E-02 -3.8744625E-02
        1870  0.2152805     -8.3672600E-03
        1871  0.4176962      3.1899042E-02
        1872  0.4238502      3.3382140E-02
        1873  0.2744169      3.6904712E-03
        1874  0.2707997      2.8172140E-03
        1875  0.3975019      2.7961625E-02
        1876  0.3834364      2.5188422E-02
        1877  0.2569856      6.9387483E-05
        1878  0.2494495     -1.5108954E-03
        1879  0.3495224      1.8147845E-02
        1880  0.3602461      2.0084817E-02
        1881  0.2481916     -2.1725264E-03
        1882  0.1470850     -2.2077810E-02
        1883  0.1113803     -2.8916836E-02
        1884  0.1086624     -2.9363666E-02
        1885  0.1378891     -2.3696821E-02
        1886  0.2249319     -6.5996060E-03
        1887  0.3676367      2.1558717E-02
        1888  0.4849725      4.4671711E-02
        1889  0.4565034      3.8915329E-02
        1890  0.3065743      9.5579075E-03
        1891  0.1921963     -1.2629949E-02
        1892  0.1358222     -2.3705551E-02
        1893  7.0515670E-02 -3.6864307E-02
        1894  2.2558091E-02 -4.6495106E-02
        1895  6.8472423E-02 -3.7240528E-02
        1896  0.2460348     -1.5374672E-03
        1897  0.4294718      3.5344038E-02
        1898  0.4540952      4.0221747E-02
        1899  0.3712942      2.3411455E-02
        1900  0.2743266      3.9296015E-03
        1901  0.1777656     -1.5326092E-02
        1902  0.1631675     -1.8232778E-02
        1903  0.2550254      2.3556945E-04
        1904  0.3063879      1.0674117E-02
        1905  0.2521911     -1.3238406E-04
        1906  0.2159384     -7.4660694E-03
        1907  0.2392024     -2.8591116E-03
        1908  0.2465123     -1.4958043E-03
        1909  0.2595598      9.9461048E-04
        1910  0.3107116      1.1352992E-02
        1911  0.2965473      8.7298695E-03
        1912  0.1780904     -1.5032035E-02
        1913  9.1505326E-02 -3.2558251E-02
        1914  9.6727595E-02 -3.1612452E-02
        1915  0.1270442     -2.5572594E-02
        1916  0.1290568     -2.5191274E-02
        1917  0.1227417     -2.6439829E-02
        1918  0.1965210     -1.1554731E-02
        1919  0.3293720      1.5152730E-02
        1920  0.4105229      3.1197434E-02
        1921  0.3844514      2.5645506E-02
        1922  0.2832016      5.3717182E-03
        1923  0.2642849      1.5194389E-03
        1924  0.3545153      1.9080127E-02
        1925  0.3605555      2.0064179E-02
        1926  0.2491442     -1.7365593E-03
        1927  0.1699335     -1.7041257E-02
        1928  0.1676857     -1.7463064E-02
        1929  0.1639122     -1.8497055E-02
        1930  0.1297365     -2.5569944E-02
        1931  0.1417256     -2.3334997E-02
        1932  0.2222799     -7.3421784E-03
        1933  0.2947800      7.1374001E-03
        1934  0.3384381      1.5770417E-02
        1935  0.3357397      1.5073006E-02
        1936  0.3114490      1.0110000E-02
        1937  0.3949122      2.6346272E-02
        1938  0.4728118      4.1469906E-02
        1939  0.3463429      1.6535049E-02
        1940  0.1599511     -2.0125637E-02
        1941  0.1018458     -3.1626251E-02
        1942  0.1479004     -2.2302715E-02
        1943  0.2260555     -6.0676564E-03
        1944  0.3154788      1.2421972E-02
        1945  0.3526658      1.9894900E-02
        1946  0.2980069      8.7729115E-03
        1947  0.2854397      6.0878764E-03
        1948  0.3203598      1.2903131E-02
        1949  0.2666524      2.0166100E-03
        1950  0.1760864     -1.6153755E-02
        1951  0.1401898     -2.3309615E-02
        1952  0.1680173     -1.7693317E-02
        1953  0.2423007     -2.9030268E-03
        1954  0.2972701      7.9884231E-03
        1955  0.3068599      9.9405572E-03
        1956  0.2928092      7.1677971E-03
        1957  0.3003281      8.6201746E-03
        1958  0.3614376      2.0747179E-02
        1959  0.3893926      2.6138920E-02
        1960  0.3224196      1.2521043E-02
        1961  0.3006634      8.4529836E-03
        1962  0.4449623      3.8202740E-02
        1963  0.5462016      5.8876216E-02
        1964  0.4184967      3.3117916E-02
        1965  0.2657465      2.4066051E-03
        1966  0.1983887     -1.1164126E-02
        1967  0.1092648     -2.9118631E-02
        1968  3.8210474E-02 -4.3412842E-02
        1969  5.4785676E-02 -4.0086392E-02
        1970  0.1207697     -2.6952034E-02
        1971  0.1692396     -1.7396985E-02
        1972  0.1597432     -1.9359943E-02
        1973  0.1120965     -2.8875697E-02
        1974  8.7818801E-02 -3.3554006E-02
        1975  0.1204632     -2.6654784E-02
        1976  0.1464795     -2.1292487E-02
        1977  9.9382825E-02 -3.0989880E-02
        1978  3.6039960E-02 -4.3991920E-02
        1979  6.4045466E-02 -3.8526915E-02
        1980  0.2848594      5.4041473E-03
        1981  0.6408778      7.6038420E-02
        1982  0.8020657      0.1078881    
        1983  0.6113176      7.0033751E-02
        1984  0.3579005      1.9808186E-02
        1985  0.2719455      2.7015309E-03
        1986  0.2378073     -4.1557038E-03
        1987  0.1710435     -1.7383518E-02
        1988  0.1708801     -1.7286696E-02
        1989  0.2267017     -6.1158575E-03
        1990  0.2446775     -2.6812949E-03
        1991  0.2423695     -3.4285330E-03
        1992  0.2707381      2.0252473E-03
        1993  0.3376486      1.5212023E-02
        1994  0.3737977      2.2264812E-02
        1995  0.3392626      1.5353900E-02
        1996  0.3981877      2.7096180E-02
        1997  0.6508569      7.7282920E-02
        1998  0.8003033      0.1068236    
        1999  0.5955273      6.5960653E-02
        2000  0.2846125      4.6298900E-03
        2001  0.1340128     -2.4694141E-02
        2002  0.1463018     -2.1626187E-02
        2003  0.2805972      5.7665999E-03
        2004  0.3815039      2.6578441E-02
        2005  0.3243432      1.5126450E-02
        2006  0.2161175     -6.7731822E-03
        2007  0.1431598     -2.1483453E-02
        2008  9.3206227E-02 -3.1662669E-02
        2009  6.1843444E-02 -3.8131770E-02
        2010  4.5158051E-02 -4.1642565E-02
        2011  5.8752723E-02 -3.9114807E-02
        2012  0.1003926     -3.0797195E-02
        2013  0.1211963     -2.6393132E-02
        2014  9.6734121E-02 -3.1187555E-02
        2015  5.5698365E-02 -3.9665557E-02
        2016  4.8053592E-02 -4.1516881E-02
        2017  9.1200553E-02 -3.2954734E-02
        2018  0.1412237     -2.2761470E-02
        2019  0.1571621     -1.9323299E-02
        2020  0.1734006     -1.5881831E-02
        2021  0.2237216     -5.7427101E-03
        2022  0.2866745      6.7525553E-03
        2023  0.3618135      2.1733949E-02
        2024  0.3934875      2.8079571E-02
        2025  0.3045245      1.0146273E-02
        2026  0.1768172     -1.5622817E-02
        2027  0.1188093     -2.7347539E-02
        2028  0.1428771     -2.2530643E-02
        2029  0.2090390     -9.2827892E-03
        2030  0.2652037      2.0019764E-03
        2031  0.3108327      1.1286181E-02
        2032  0.3817681      2.5577355E-02
        2033  0.4625478      4.1540507E-02
        2034  0.4597380      4.0529899E-02
        2035  0.3710843      2.2603394E-02
        2036  0.3142242      1.1556983E-02
        2037  0.2726735      3.5448375E-03
        2038  0.2571366      4.0156188E-04
        2039  0.4240108      3.3654720E-02
        2040  0.5728320      6.3253753E-02
        2041  0.4396130      3.6299136E-02
        2042  0.2925982      6.4395359E-03
        2043  0.2815046      3.8949328E-03
        2044  0.2177509     -8.7412270E-03
        2045  0.1344903     -2.5097305E-02
        2046  0.1228775     -2.7370205E-02
        2047  0.1281236     -2.6471939E-02
        2048  0.1135741     -2.9481931E-02
