           0   37.97616      0.9851085    
           1   28.80948      0.7553581    
           2   14.24418      0.3892810    
           3   7.686839      0.2205485    
           4   5.760548      0.1665314    
           5   4.542279      0.1317714    
           6   3.767401      0.1095970    
           7   3.244088      9.4463691E-02
           8   2.872381      8.3539210E-02
           9   2.590672      7.5134560E-02
          10   2.368700      6.8300672E-02
          11   2.190493      6.2700130E-02
          12   2.043750      5.8166564E-02
          13   1.922302      5.4452252E-02
          14   1.813758      5.1176067E-02
          15   1.713228      4.8220403E-02
          16   1.631693      4.5668971E-02
          17   1.567955      4.3458771E-02
          18   1.505533      4.1373421E-02
          19   1.438646      3.9312709E-02
          20   1.379017      3.7447300E-02
          21   1.329089      3.5876952E-02
          22   1.281900      3.4493003E-02
          23   1.242937      3.3345010E-02
          24   1.213106      3.2401167E-02
          25   1.180277      3.1321399E-02
          26   1.141361      3.0047549E-02
          27   1.107466      2.8968202E-02
          28   1.087261      2.8336091E-02
          29   1.068735      2.7736666E-02
          30   1.041567      2.6915824E-02
          31   1.013882      2.6108008E-02
          32  0.9883333      2.5305469E-02
          33  0.9635490      2.4464710E-02
          34  0.9468529      2.3855627E-02
          35  0.9384271      2.3526086E-02
          36  0.9259440      2.3157943E-02
          37  0.9058245      2.2596061E-02
          38  0.8868226      2.2039061E-02
          39  0.8724660      2.1593362E-02
          40  0.8558849      2.1033468E-02
          41  0.8375236      2.0379964E-02
          42  0.8239082      1.9940626E-02
          43  0.8105033      1.9570516E-02
          44  0.7955695      1.9119656E-02
          45  0.7853746      1.8782293E-02
          46  0.7791932      1.8594587E-02
          47  0.7716055      1.8376028E-02
          48  0.7635244      1.8093515E-02
          49  0.7572657      1.7862316E-02
          50  0.7508273      1.7654562E-02
          51  0.7406514      1.7318321E-02
          52  0.7279611      1.6947325E-02
          53  0.7164797      1.6621096E-02
          54  0.7090716      1.6345873E-02
          55  0.7025108      1.6064160E-02
          56  0.6954171      1.5804740E-02
          57  0.6881403      1.5612283E-02
          58  0.6798239      1.5391892E-02
          59  0.6704298      1.5051679E-02
          60  0.6597745      1.4645165E-02
          61  0.6499797      1.4312244E-02
          62  0.6393943      1.4003580E-02
          63  0.6292492      1.3708248E-02
          64  0.6217836      1.3489920E-02
          65  0.6155272      1.3265067E-02
          66  0.6116448      1.3095682E-02
          67  0.6112494      1.3051616E-02
          68  0.6113296      1.3005896E-02
          69  0.6097704      1.2859089E-02
          70  0.6078210      1.2680680E-02
          71  0.6050187      1.2526353E-02
          72  0.5971829      1.2320380E-02
          73  0.5864109      1.2086218E-02
          74  0.5803298      1.1945481E-02
          75  0.5760557      1.1746386E-02
          76  0.5694687      1.1454577E-02
          77  0.5627860      1.1245469E-02
          78  0.5593761      1.1187395E-02
          79  0.5593824      1.1190206E-02
          80  0.5583023      1.1142423E-02
          81  0.5546526      1.1014036E-02
          82  0.5509372      1.0838360E-02
          83  0.5473419      1.0644478E-02
          84  0.5414100      1.0404025E-02
          85  0.5362831      1.0248606E-02
          86  0.5328441      1.0164479E-02
          87  0.5301068      1.0065285E-02
          88  0.5273019      9.9600684E-03
          89  0.5249497      9.8729068E-03
          90  0.5215053      9.7467899E-03
          91  0.5133748      9.4816843E-03
          92  0.5036048      9.1935089E-03
          93  0.4975159      9.0461895E-03
          94  0.4948390      9.0211164E-03
          95  0.4936863      9.0238741E-03
          96  0.4924705      8.9882482E-03
          97  0.4914494      8.9286547E-03
          98  0.4885915      8.7747704E-03
          99  0.4841985      8.5648997E-03
         100  0.4805390      8.4126955E-03
         101  0.4777413      8.3048586E-03
         102  0.4767712      8.2378713E-03
         103  0.4763296      8.1860693E-03
         104  0.4706577      8.0318777E-03
         105  0.4608391      7.7747004E-03
         106  0.4544310      7.6073497E-03
         107  0.4520421      7.5563444E-03
         108  0.4496221      7.4813114E-03
         109  0.4466838      7.3423507E-03
         110  0.4457398      7.2514717E-03
         111  0.4457888      7.1999552E-03
         112  0.4464088      7.1616652E-03
         113  0.4489177      7.1787052E-03
         114  0.4511420      7.2742933E-03
         115  0.4502001      7.3134233E-03
         116  0.4459693      7.1742577E-03
         117  0.4406548      6.9600092E-03
         118  0.4368348      6.8249865E-03
         119  0.4345236      6.7646215E-03
         120  0.4309935      6.6752224E-03
         121  0.4245954      6.5299026E-03
         122  0.4158582      6.3207857E-03
         123  0.4081313      6.0735387E-03
         124  0.4046288      5.9028305E-03
         125  0.4036219      5.8311457E-03
         126  0.4051693      5.8258101E-03
         127  0.4090396      5.8586560E-03
         128  0.4111936      5.8625010E-03
         129  0.4114266      5.8465451E-03
         130  0.4127081      5.8690161E-03
         131  0.4127664      5.8861454E-03
         132  0.4074641      5.7835099E-03
         133  0.3990608      5.5694347E-03
         134  0.3934725      5.4062707E-03
         135  0.3914585      5.3146114E-03
         136  0.3892715      5.2197305E-03
         137  0.3868212      5.1387730E-03
         138  0.3868804      5.1401104E-03
         139  0.3878371      5.1566721E-03
         140  0.3873774      5.1283869E-03
         141  0.3876619      5.1338216E-03
         142  0.3892618      5.1744981E-03
         143  0.3886364      5.1415786E-03
         144  0.3856942      5.0358325E-03
         145  0.3832220      4.9443985E-03
         146  0.3811353      4.8807077E-03
         147  0.3784921      4.8144306E-03
         148  0.3773989      4.7754780E-03
         149  0.3771031      4.7475719E-03
         150  0.3759205      4.7267713E-03
         151  0.3743785      4.7330749E-03
         152  0.3712337      4.6430975E-03
         153  0.3670472      4.4723828E-03
         154  0.3656860      4.4337078E-03
         155  0.3650555      4.4339853E-03
         156  0.3632149      4.3493630E-03
         157  0.3621090      4.2777224E-03
         158  0.3630299      4.2978753E-03
         159  0.3643401      4.3190834E-03
         160  0.3625798      4.2028897E-03
         161  0.3580419      4.0205070E-03
         162  0.3538160      3.8865809E-03
         163  0.3530259      3.8570021E-03
         164  0.3528934      3.8435380E-03
         165  0.3488056      3.7566437E-03
         166  0.3429231      3.6633664E-03
         167  0.3408949      3.6645769E-03
         168  0.3418717      3.6735684E-03
         169  0.3427587      3.6213133E-03
         170  0.3445041      3.6146496E-03
         171  0.3458341      3.6649506E-03
         172  0.3451862      3.6692417E-03
         173  0.3439040      3.6019499E-03
         174  0.3432713      3.5612013E-03
         175  0.3432214      3.5720149E-03
         176  0.3446101      3.6259105E-03
         177  0.3456614      3.6421695E-03
         178  0.3448786      3.5762873E-03
         179  0.3423034      3.4617172E-03
         180  0.3372462      3.2950414E-03
         181  0.3328635      3.1364735E-03
         182  0.3317692      3.0935297E-03
         183  0.3320959      3.1108235E-03
         184  0.3326687      3.1212925E-03
         185  0.3305061      3.0442064E-03
         186  0.3264514      2.9278235E-03
         187  0.3244101      2.8616874E-03
         188  0.3253183      2.8610528E-03
         189  0.3254239      2.8566604E-03
         190  0.3240978      2.8282900E-03
         191  0.3253295      2.8584099E-03
         192  0.3270633      2.8795500E-03
         193  0.3248768      2.8139967E-03
         194  0.3221989      2.7433031E-03
         195  0.3237083      2.7707431E-03
         196  0.3238721      2.7490766E-03
         197  0.3213741      2.6515138E-03
         198  0.3208775      2.6205552E-03
         199  0.3213668      2.6139799E-03
         200  0.3195658      2.5207684E-03
         201  0.3181363      2.4313293E-03
         202  0.3186335      2.4306972E-03
         203  0.3183964      2.4516534E-03
         204  0.3140970      2.3487057E-03
         205  0.3087665      2.2006487E-03
         206  0.3085879      2.2012398E-03
         207  0.3107556      2.2569634E-03
         208  0.3106724      2.2419945E-03
         209  0.3082085      2.1751875E-03
         210  0.3051482      2.1427672E-03
         211  0.3031140      2.1151456E-03
         212  0.3023651      2.0483183E-03
         213  0.3010779      1.9829988E-03
         214  0.2986186      1.9147815E-03
         215  0.2973529      1.8788454E-03
         216  0.2977132      1.9115162E-03
         217  0.2963383      1.9012468E-03
         218  0.2931866      1.7934137E-03
         219  0.2904842      1.6592365E-03
         220  0.2882840      1.5662247E-03
         221  0.2871224      1.5350033E-03
         222  0.2877793      1.5430449E-03
         223  0.2879755      1.5294742E-03
         224  0.2878592      1.5126450E-03
         225  0.2899493      1.5633211E-03
         226  0.2921647      1.6270900E-03
         227  0.2925566      1.6546509E-03
         228  0.2933385      1.6823329E-03
         229  0.2934993      1.6943419E-03
         230  0.2900954      1.6159784E-03
         231  0.2855877      1.4924546E-03
         232  0.2842087      1.4515935E-03
         233  0.2842580      1.4664485E-03
         234  0.2834044      1.4492763E-03
         235  0.2833760      1.4397056E-03
         236  0.2847351      1.4901676E-03
         237  0.2839957      1.4999743E-03
         238  0.2803793      1.4000001E-03
         239  0.2767081      1.2786471E-03
         240  0.2753408      1.2122041E-03
         241  0.2751745      1.1725345E-03
         242  0.2749481      1.1226536E-03
         243  0.2761040      1.1391571E-03
         244  0.2772240      1.1627487E-03
         245  0.2761261      1.0956700E-03
         246  0.2737135      9.7875460E-04
         247  0.2708293      8.9200831E-04
         248  0.2676017      8.3201064E-04
         249  0.2664377      8.1707118E-04
         250  0.2673346      8.4783632E-04
         251  0.2688918      9.1034343E-04
         252  0.2706730      1.0018760E-03
         253  0.2705969      1.0099852E-03
         254  0.2670124      8.7872584E-04
         255  0.2643861      7.7588705E-04
         256  0.2669629      8.4109389E-04
         257  0.2716108      9.7067276E-04
         258  0.2749397      1.0574906E-03
         259  0.2762219      1.0662501E-03
         260  0.2741274      9.6402073E-04
         261  0.2692049      7.8956841E-04
         262  0.2642694      6.2986091E-04
         263  0.2602889      5.1159813E-04
         264  0.2571655      4.3045328E-04
         265  0.2550405      3.9207935E-04
         266  0.2547904      4.1624781E-04
         267  0.2564556      4.7767145E-04
         268  0.2588982      5.5651081E-04
         269  0.2599942      5.9485290E-04
         270  0.2581817      5.2622304E-04
         271  0.2551196      4.1127778E-04
         272  0.2536944      3.7716230E-04
         273  0.2527832      3.8561932E-04
         274  0.2517309      3.6253533E-04
         275  0.2515619      3.2193612E-04
         276  0.2515556      2.8201408E-04
         277  0.2503317      2.3920108E-04
         278  0.2486893      1.8024576E-04
         279  0.2480308      1.4204239E-04
         280  0.2475443      1.0802707E-04
         281  0.2474587      7.7445839E-05
         282  0.2483212      7.8440549E-05
         283  0.2508703      1.5045740E-04
         284  0.2530996      2.2277587E-04
         285  0.2518138      1.7914658E-04
         286  0.2512905      1.5297218E-04
         287  0.2531523      1.9666566E-04
         288  0.2547190      2.3715741E-04
         289  0.2558766      2.8490106E-04
         290  0.2550762      2.6015114E-04
         291  0.2519347      1.5139066E-04
         292  0.2491348      7.4559423E-05
         293  0.2482666      7.2911804E-05
         294  0.2482104      5.5770692E-05
         295  0.2478192      5.6094314E-06
         296  0.2473635     -4.1214025E-05
         297  0.2481364     -3.5998462E-05
         298  0.2494316      1.0434780E-05
         299  0.2489513      1.8282652E-05
         300  0.2473255     -6.5919148E-06
         301  0.2462142     -2.6754713E-05
         302  0.2444814     -8.1052473E-05
         303  0.2420224     -1.5576124E-04
         304  0.2396096     -2.3556544E-04
         305  0.2380217     -2.9168875E-04
         306  0.2378375     -3.0205498E-04
         307  0.2384221     -2.9694126E-04
         308  0.2393425     -3.0805188E-04
         309  0.2404892     -3.1535086E-04
         310  0.2405615     -3.0450179E-04
         311  0.2406596     -2.5924927E-04
         312  0.2404143     -2.7464071E-04
         313  0.2388838     -3.5714477E-04
         314  0.2380390     -3.9203087E-04
         315  0.2376356     -3.7915978E-04
         316  0.2357138     -4.1195899E-04
         317  0.2347687     -4.1822650E-04
         318  0.2356064     -3.7087614E-04
         319  0.2361184     -3.6111122E-04
         320  0.2360831     -4.0617192E-04
         321  0.2359427     -4.6104606E-04
         322  0.2370058     -4.7693122E-04
         323  0.2376713     -4.8177716E-04
         324  0.2364284     -5.2172149E-04
         325  0.2347840     -5.5895682E-04
         326  0.2341345     -5.5567664E-04
         327  0.2351035     -4.9546943E-04
         328  0.2357242     -4.6084035E-04
         329  0.2335695     -5.3724245E-04
         330  0.2299007     -6.7793374E-04
         331  0.2274553     -7.8418822E-04
         332  0.2270203     -8.0089882E-04
         333  0.2285731     -7.4428640E-04
         334  0.2314185     -6.8093243E-04
         335  0.2327030     -6.6341471E-04
         336  0.2316046     -6.8023114E-04
         337  0.2303443     -7.0511352E-04
         338  0.2300138     -7.1362301E-04
         339  0.2301529     -7.0898846E-04
         340  0.2300144     -7.2627096E-04
         341  0.2286344     -8.0058252E-04
         342  0.2274952     -8.6299994E-04
         343  0.2280293     -8.6424471E-04
         344  0.2289375     -8.6179684E-04
         345  0.2291454     -8.7398209E-04
         346  0.2295240     -8.6254708E-04
         347  0.2311619     -8.0301473E-04
         348  0.2322492     -7.7381911E-04
         349  0.2324871     -8.0846495E-04
         350  0.2327239     -8.5766678E-04
         351  0.2326419     -8.5611397E-04
         352  0.2322364     -8.2945736E-04
         353  0.2316685     -8.1482157E-04
         354  0.2308468     -8.2645472E-04
         355  0.2300204     -8.3888712E-04
         356  0.2296406     -8.4716862E-04
         357  0.2293502     -8.7590032E-04
         358  0.2303675     -8.5529877E-04
         359  0.2318528     -7.8249612E-04
         360  0.2315891     -7.4146624E-04
         361  0.2299394     -7.7614159E-04
         362  0.2284663     -8.3914312E-04
         363  0.2271862     -8.9942926E-04
         364  0.2266015     -9.2803827E-04
         365  0.2265249     -9.3829248E-04
         366  0.2265242     -9.4524963E-04
         367  0.2272236     -9.3975459E-04
         368  0.2279820     -8.9556986E-04
         369  0.2279388     -8.5836457E-04
         370  0.2284274     -8.5399993E-04
         371  0.2284843     -8.9211640E-04
         372  0.2263715     -9.7531965E-04
         373  0.2229411     -1.0928398E-03
         374  0.2212793     -1.1740659E-03
         375  0.2229121     -1.1424484E-03
         376  0.2261052     -1.0252637E-03
         377  0.2279069     -9.3905808E-04
         378  0.2271125     -9.5058186E-04
         379  0.2263115     -9.7532716E-04
         380  0.2267312     -9.5639302E-04
         381  0.2263012     -9.6201524E-04
         382  0.2244636     -1.0246958E-03
         383  0.2225756     -1.1053130E-03
         384  0.2231516     -1.1235734E-03
         385  0.2269850     -1.0478602E-03
         386  0.2308539     -9.6665433E-04
         387  0.2315388     -9.7378355E-04
         388  0.2292787     -1.0495696E-03
         389  0.2272058     -1.0940239E-03
         390  0.2277607     -1.0523583E-03
         391  0.2291544     -1.0193430E-03
         392  0.2289140     -1.0417149E-03
         393  0.2268975     -1.0858640E-03
         394  0.2234556     -1.1719909E-03
         395  0.2209158     -1.2682412E-03
         396  0.2198649     -1.3413234E-03
         397  0.2188009     -1.3784709E-03
         398  0.2167899     -1.3999190E-03
         399  0.2160013     -1.4222777E-03
         400  0.2163461     -1.4437980E-03
         401  0.2151211     -1.4805676E-03
         402  0.2132807     -1.5092737E-03
         403  0.2129950     -1.5070959E-03
         404  0.2129018     -1.5190489E-03
         405  0.2124835     -1.5544891E-03
         406  0.2127094     -1.5745668E-03
         407  0.2152678     -1.5223983E-03
         408  0.2191178     -1.4444214E-03
         409  0.2208816     -1.4354474E-03
         410  0.2195247     -1.4907225E-03
         411  0.2165856     -1.5381222E-03
         412  0.2140977     -1.5619247E-03
         413  0.2136852     -1.5838547E-03
         414  0.2144282     -1.5934703E-03
         415  0.2150895     -1.5630696E-03
         416  0.2164980     -1.4857937E-03
         417  0.2192360     -1.3768601E-03
         418  0.2215268     -1.3042984E-03
         419  0.2206651     -1.3262425E-03
         420  0.2186668     -1.3878358E-03
         421  0.2183736     -1.3890490E-03
         422  0.2180990     -1.3851830E-03
         423  0.2165272     -1.4668432E-03
         424  0.2151650     -1.5652444E-03
         425  0.2150753     -1.5996648E-03
         426  0.2176405     -1.5127051E-03
         427  0.2204418     -1.4159138E-03
         428  0.2204317     -1.4204379E-03
         429  0.2175699     -1.5065743E-03
         430  0.2149981     -1.5914018E-03
         431  0.2139650     -1.6477209E-03
         432  0.2144455     -1.6466578E-03
         433  0.2149698     -1.6202524E-03
         434  0.2145284     -1.5918202E-03
         435  0.2143591     -1.5563872E-03
         436  0.2159932     -1.5241393E-03
         437  0.2181504     -1.5052113E-03
         438  0.2185190     -1.5108522E-03
         439  0.2166192     -1.5774465E-03
         440  0.2147113     -1.6512681E-03
         441  0.2144223     -1.6745625E-03
         442  0.2157639     -1.6334982E-03
         443  0.2168505     -1.6069449E-03
         444  0.2165086     -1.6564132E-03
         445  0.2152031     -1.7566019E-03
         446  0.2139430     -1.8281185E-03
         447  0.2142389     -1.8139323E-03
         448  0.2151003     -1.7673353E-03
         449  0.2151719     -1.7408290E-03
         450  0.2162314     -1.6974586E-03
         451  0.2190054     -1.6194701E-03
         452  0.2204909     -1.5738342E-03
         453  0.2185216     -1.6306738E-03
         454  0.2152807     -1.7161935E-03
         455  0.2137687     -1.7212306E-03
         456  0.2136468     -1.6926246E-03
         457  0.2133940     -1.7006963E-03
         458  0.2120193     -1.7503190E-03
         459  0.2107422     -1.7706346E-03
         460  0.2099526     -1.7826725E-03
         461  0.2097284     -1.8385603E-03
         462  0.2099470     -1.9140897E-03
         463  0.2101634     -1.9345128E-03
         464  0.2096843     -1.9267572E-03
         465  0.2093439     -1.9176040E-03
         466  0.2101762     -1.9030878E-03
         467  0.2114151     -1.8729150E-03
         468  0.2110091     -1.8793421E-03
         469  0.2098338     -1.9090723E-03
         470  0.2080442     -1.9262470E-03
         471  0.2059453     -1.9474461E-03
         472  0.2057054     -1.9364004E-03
         473  0.2066662     -1.9042883E-03
         474  0.2068778     -1.9140402E-03
         475  0.2063759     -1.9525063E-03
         476  0.2062574     -1.9707240E-03
         477  0.2068603     -1.9510378E-03
         478  0.2076026     -1.9165581E-03
         479  0.2072266     -1.9438984E-03
         480  0.2051378     -2.0593430E-03
         481  0.2021402     -2.2012994E-03
         482  0.2011497     -2.2423882E-03
         483  0.2033977     -2.1343059E-03
         484  0.2063410     -1.9755205E-03
         485  0.2074500     -1.8978642E-03
         486  0.2068930     -1.9207414E-03
         487  0.2047810     -2.0065720E-03
         488  0.2011990     -2.1308574E-03
         489  0.2002174     -2.1769921E-03
         490  0.2019713     -2.1414817E-03
         491  0.2025183     -2.1261754E-03
         492  0.2020623     -2.1394347E-03
         493  0.2015520     -2.1783574E-03
         494  0.2006459     -2.2243613E-03
         495  0.2022625     -2.1701155E-03
         496  0.2056670     -2.0567509E-03
         497  0.2072593     -2.0105930E-03
         498  0.2063914     -2.0407424E-03
         499  0.2038933     -2.1086074E-03
         500  0.2017978     -2.1649401E-03
         501  0.2019821     -2.1644786E-03
         502  0.2036777     -2.1200362E-03
         503  0.2057405     -2.0488212E-03
         504  0.2067100     -2.0298243E-03
         505  0.2053526     -2.1052412E-03
         506  0.2019776     -2.2260733E-03
         507  0.1993424     -2.2991975E-03
         508  0.1989946     -2.2864691E-03
         509  0.1994598     -2.2464336E-03
         510  0.2005255     -2.2124439E-03
         511  0.2030377     -2.1741332E-03
         512  0.2038539     -2.1903119E-03
         513  0.2008606     -2.2845825E-03
         514  0.1975366     -2.3658613E-03
         515  0.1973766     -2.3366332E-03
         516  0.1984490     -2.2876158E-03
         517  0.1997976     -2.2704522E-03
         518  0.2025891     -2.2338554E-03
         519  0.2063340     -2.1439008E-03
         520  0.2078860     -2.0835961E-03
         521  0.2062179     -2.1222634E-03
         522  0.2036850     -2.2023239E-03
         523  0.2021985     -2.2676431E-03
         524  0.2023560     -2.2839999E-03
         525  0.2019177     -2.3053878E-03
         526  0.1991776     -2.3905810E-03
         527  0.1953749     -2.4781262E-03
         528  0.1928178     -2.5275776E-03
         529  0.1920923     -2.5333040E-03
         530  0.1920763     -2.5034135E-03
         531  0.1916810     -2.5113199E-03
         532  0.1927633     -2.5234707E-03
         533  0.1938652     -2.5341436E-03
         534  0.1935368     -2.5555098E-03
         535  0.1934640     -2.5404128E-03
         536  0.1942124     -2.5016030E-03
         537  0.1951152     -2.4844683E-03
         538  0.1961033     -2.4815127E-03
         539  0.1972081     -2.4408635E-03
         540  0.1986006     -2.3818098E-03
         541  0.1996805     -2.3441366E-03
         542  0.1990480     -2.3643288E-03
         543  0.1972673     -2.4150528E-03
         544  0.1958388     -2.4486869E-03
         545  0.1955925     -2.4624192E-03
         546  0.1957946     -2.4786941E-03
         547  0.1953389     -2.4800648E-03
         548  0.1951993     -2.4346213E-03
         549  0.1951220     -2.4104898E-03
         550  0.1941635     -2.4632118E-03
         551  0.1943581     -2.5008342E-03
         552  0.1952151     -2.5102030E-03
         553  0.1948432     -2.5365872E-03
         554  0.1924204     -2.6129107E-03
         555  0.1893732     -2.6871713E-03
         556  0.1873464     -2.7211811E-03
         557  0.1864135     -2.7318243E-03
         558  0.1868492     -2.7150076E-03
         559  0.1891557     -2.6302766E-03
         560  0.1907085     -2.5713502E-03
         561  0.1921636     -2.5495638E-03
         562  0.1942561     -2.5235538E-03
         563  0.1954320     -2.4972311E-03
         564  0.1949744     -2.5108545E-03
         565  0.1950747     -2.5298297E-03
         566  0.1958346     -2.5255303E-03
         567  0.1958517     -2.5272612E-03
         568  0.1957769     -2.5297743E-03
         569  0.1962653     -2.5170038E-03
         570  0.1970446     -2.5084470E-03
         571  0.1975505     -2.5150734E-03
         572  0.1963117     -2.5583482E-03
         573  0.1934086     -2.6531112E-03
         574  0.1915404     -2.7096432E-03
         575  0.1917348     -2.6841818E-03
         576  0.1928956     -2.6310391E-03
         577  0.1937188     -2.5987364E-03
         578  0.1931713     -2.6071772E-03
         579  0.1914419     -2.6489717E-03
         580  0.1896249     -2.6968722E-03
         581  0.1876927     -2.7614560E-03
         582  0.1868903     -2.7993936E-03
         583  0.1864081     -2.8265680E-03
         584  0.1865332     -2.8277335E-03
         585  0.1877257     -2.7723408E-03
         586  0.1887741     -2.7313645E-03
         587  0.1890001     -2.7342334E-03
         588  0.1888860     -2.7583342E-03
         589  0.1886173     -2.8020430E-03
         590  0.1891609     -2.7999191E-03
         591  0.1904245     -2.7452495E-03
         592  0.1918239     -2.6763161E-03
         593  0.1917439     -2.6619737E-03
         594  0.1895592     -2.7422067E-03
         595  0.1879187     -2.8245342E-03
         596  0.1892657     -2.7982169E-03
         597  0.1908831     -2.7571116E-03
         598  0.1898336     -2.7841176E-03
         599  0.1884277     -2.8358938E-03
         600  0.1885940     -2.8449821E-03
         601  0.1893322     -2.8149490E-03
         602  0.1891833     -2.8008551E-03
         603  0.1880603     -2.8287726E-03
         604  0.1877064     -2.8426745E-03
         605  0.1890195     -2.8163586E-03
         606  0.1896973     -2.8108184E-03
         607  0.1887172     -2.8339159E-03
         608  0.1876241     -2.8326572E-03
         609  0.1868054     -2.8547028E-03
         610  0.1868570     -2.8860499E-03
         611  0.1878779     -2.8566609E-03
         612  0.1891435     -2.7752507E-03
         613  0.1897810     -2.7181595E-03
         614  0.1904710     -2.6971495E-03
         615  0.1911022     -2.7104649E-03
         616  0.1907706     -2.7375838E-03
         617  0.1896884     -2.7573428E-03
         618  0.1898912     -2.7473732E-03
         619  0.1914874     -2.7136796E-03
         620  0.1933761     -2.6786339E-03
         621  0.1927495     -2.7077284E-03
         622  0.1901036     -2.7755888E-03
         623  0.1891201     -2.7946271E-03
         624  0.1902114     -2.7809979E-03
         625  0.1908350     -2.7693945E-03
         626  0.1899914     -2.7889062E-03
         627  0.1892305     -2.8251656E-03
         628  0.1904195     -2.8148158E-03
         629  0.1914500     -2.7954262E-03
         630  0.1906596     -2.8289177E-03
         631  0.1895229     -2.8672831E-03
         632  0.1893774     -2.8632651E-03
         633  0.1893168     -2.8638658E-03
         634  0.1884600     -2.8844101E-03
         635  0.1875809     -2.9116387E-03
         636  0.1867235     -2.9069108E-03
         637  0.1851248     -2.9364917E-03
         638  0.1849063     -2.9549692E-03
         639  0.1859240     -2.9361269E-03
         640  0.1870163     -2.8955739E-03
         641  0.1881608     -2.8459511E-03
         642  0.1897419     -2.7951424E-03
         643  0.1905893     -2.7867481E-03
         644  0.1907449     -2.8260613E-03
         645  0.1910085     -2.8773050E-03
         646  0.1922078     -2.8767993E-03
         647  0.1926300     -2.8517435E-03
         648  0.1924057     -2.8167742E-03
         649  0.1915906     -2.8259815E-03
         650  0.1901188     -2.8791230E-03
         651  0.1890495     -2.9182765E-03
         652  0.1884677     -2.9184835E-03
         653  0.1888122     -2.8848699E-03
         654  0.1913474     -2.8211921E-03
         655  0.1955505     -2.7514657E-03
         656  0.1967825     -2.7577928E-03
         657  0.1948160     -2.8133853E-03
         658  0.1944344     -2.7901847E-03
         659  0.1950397     -2.7493336E-03
         660  0.1934566     -2.8003359E-03
         661  0.1915793     -2.8643294E-03
         662  0.1920192     -2.8654784E-03
         663  0.1933734     -2.8631201E-03
         664  0.1935009     -2.8930109E-03
         665  0.1920218     -2.9278791E-03
         666  0.1916536     -2.9193710E-03
         667  0.1926605     -2.9043742E-03
         668  0.1918056     -2.9233843E-03
         669  0.1895616     -2.9515852E-03
         670  0.1892307     -2.9460732E-03
         671  0.1913497     -2.9111847E-03
         672  0.1938266     -2.8794282E-03
         673  0.1939018     -2.8779185E-03
         674  0.1922046     -2.9237049E-03
         675  0.1909202     -2.9476050E-03
         676  0.1905763     -2.9386810E-03
         677  0.1909033     -2.9206544E-03
         678  0.1905759     -2.9129181E-03
         679  0.1894451     -2.9333555E-03
         680  0.1885237     -2.9643145E-03
         681  0.1884514     -2.9844779E-03
         682  0.1887825     -2.9925343E-03
         683  0.1897359     -2.9894935E-03
         684  0.1903612     -2.9853585E-03
         685  0.1904028     -2.9686911E-03
         686  0.1915638     -2.9123935E-03
         687  0.1931004     -2.8591563E-03
         688  0.1941673     -2.8162978E-03
         689  0.1943912     -2.7558852E-03
         690  0.1931138     -2.7498330E-03
         691  0.1914374     -2.8103027E-03
         692  0.1904621     -2.8536958E-03
         693  0.1893412     -2.8984162E-03
         694  0.1884481     -2.9580113E-03
         695  0.1888239     -2.9727945E-03
         696  0.1896148     -2.9323432E-03
         697  0.1899699     -2.8887091E-03
         698  0.1910243     -2.8382626E-03
         699  0.1918315     -2.8404437E-03
         700  0.1920104     -2.8753623E-03
         701  0.1922192     -2.8645589E-03
         702  0.1924725     -2.8337291E-03
         703  0.1926089     -2.8361918E-03
         704  0.1934146     -2.8299724E-03
         705  0.1951881     -2.8014961E-03
         706  0.1966192     -2.7771962E-03
         707  0.1964059     -2.7810573E-03
         708  0.1955471     -2.7876811E-03
         709  0.1949689     -2.7766756E-03
         710  0.1955144     -2.7640846E-03
         711  0.1965930     -2.7399235E-03
         712  0.1970772     -2.7140710E-03
         713  0.1971792     -2.6946666E-03
         714  0.1978052     -2.6519657E-03
         715  0.1985278     -2.6031598E-03
         716  0.1980895     -2.5931406E-03
         717  0.1970644     -2.6133475E-03
         718  0.1960636     -2.6640964E-03
         719  0.1954329     -2.7243909E-03
         720  0.1941298     -2.7805406E-03
         721  0.1934765     -2.7895004E-03
         722  0.1933857     -2.7738460E-03
         723  0.1936598     -2.7549730E-03
         724  0.1951822     -2.7067394E-03
         725  0.1964327     -2.6734660E-03
         726  0.1965462     -2.7015258E-03
         727  0.1961252     -2.7354613E-03
         728  0.1955201     -2.7369317E-03
         729  0.1949309     -2.7255316E-03
         730  0.1960374     -2.6652194E-03
         731  0.1988709     -2.5826818E-03
         732  0.2008075     -2.5550739E-03
         733  0.2001579     -2.6019160E-03
         734  0.1982117     -2.6324836E-03
         735  0.1970345     -2.6258812E-03
         736  0.1974194     -2.6180488E-03
         737  0.1987357     -2.5854821E-03
         738  0.2001671     -2.5398564E-03
         739  0.2011864     -2.5033674E-03
         740  0.2011730     -2.4986784E-03
         741  0.2000999     -2.5216155E-03
         742  0.2002406     -2.5062894E-03
         743  0.2013202     -2.4789604E-03
         744  0.2016790     -2.4793423E-03
         745  0.2006108     -2.4885468E-03
         746  0.1984467     -2.5359683E-03
         747  0.1973929     -2.5800883E-03
         748  0.1969231     -2.6153775E-03
         749  0.1962643     -2.6197243E-03
         750  0.1965767     -2.6090858E-03
         751  0.1970652     -2.6280149E-03
         752  0.1960473     -2.6815198E-03
         753  0.1946809     -2.7043261E-03
         754  0.1944164     -2.6986529E-03
         755  0.1950747     -2.7062320E-03
         756  0.1953098     -2.7309663E-03
         757  0.1959549     -2.6908568E-03
         758  0.1983281     -2.6160355E-03
         759  0.2019739     -2.5205943E-03
         760  0.2034324     -2.4610641E-03
         761  0.2020515     -2.4807150E-03
         762  0.1994625     -2.6035360E-03
         763  0.1982175     -2.6694641E-03
         764  0.1980853     -2.6589602E-03
         765  0.1982997     -2.6618622E-03
         766  0.1987579     -2.6654447E-03
         767  0.2000239     -2.6053065E-03
         768  0.2014881     -2.5419451E-03
         769  0.2018434     -2.5503251E-03
         770  0.2016680     -2.5541482E-03
         771  0.2017120     -2.5136711E-03
         772  0.2018792     -2.4939792E-03
         773  0.2015754     -2.5153414E-03
         774  0.2005424     -2.5375651E-03
         775  0.2005560     -2.5248870E-03
         776  0.2032220     -2.4205151E-03
         777  0.2058622     -2.3045293E-03
         778  0.2069370     -2.2642107E-03
         779  0.2075077     -2.2528430E-03
         780  0.2080581     -2.2462958E-03
         781  0.2074429     -2.2643951E-03
         782  0.2059964     -2.3193818E-03
         783  0.2054679     -2.3505152E-03
         784  0.2050956     -2.3569174E-03
         785  0.2030947     -2.4114675E-03
         786  0.1999098     -2.5058256E-03
         787  0.1981989     -2.5528853E-03
         788  0.1985410     -2.5363436E-03
         789  0.1997487     -2.4977769E-03
         790  0.2007740     -2.4842967E-03
         791  0.1992644     -2.5738485E-03
         792  0.1974316     -2.6664168E-03
         793  0.1990403     -2.6265492E-03
         794  0.2018513     -2.5352018E-03
         795  0.2026751     -2.4974777E-03
         796  0.2027162     -2.4653934E-03
         797  0.2038584     -2.3804938E-03
         798  0.2077819     -2.2151174E-03
         799  0.2115867     -2.0890881E-03
         800  0.2123493     -2.0584406E-03
         801  0.2119440     -2.0565426E-03
         802  0.2114846     -2.0872725E-03
         803  0.2099228     -2.1669283E-03
         804  0.2077950     -2.2497848E-03
         805  0.2066820     -2.2653101E-03
         806  0.2058041     -2.2629329E-03
         807  0.2053881     -2.2770888E-03
         808  0.2060696     -2.3144961E-03
         809  0.2074237     -2.3479161E-03
         810  0.2082288     -2.3517769E-03
         811  0.2078788     -2.3387203E-03
         812  0.2075090     -2.3225851E-03
         813  0.2065781     -2.3331132E-03
         814  0.2050852     -2.3730148E-03
         815  0.2042055     -2.3675507E-03
         816  0.2036694     -2.3409647E-03
         817  0.2035838     -2.3385384E-03
         818  0.2039033     -2.3514142E-03
         819  0.2035448     -2.3897083E-03
         820  0.2019888     -2.4758640E-03
         821  0.2018376     -2.5325883E-03
         822  0.2033798     -2.5427069E-03
         823  0.2049130     -2.5140687E-03
         824  0.2053036     -2.4915561E-03
         825  0.2055684     -2.4466261E-03
         826  0.2045596     -2.4260227E-03
         827  0.2028514     -2.4540683E-03
         828  0.2023280     -2.4506447E-03
         829  0.2030735     -2.4007966E-03
         830  0.2044886     -2.3640525E-03
         831  0.2058536     -2.3266510E-03
         832  0.2072508     -2.2478993E-03
         833  0.2082437     -2.1853992E-03
         834  0.2079802     -2.1787642E-03
         835  0.2062083     -2.2138846E-03
         836  0.2041685     -2.2778881E-03
         837  0.2022050     -2.3419359E-03
         838  0.2008375     -2.3586352E-03
         839  0.2009509     -2.3391757E-03
         840  0.2012479     -2.3648478E-03
         841  0.2010913     -2.4171884E-03
         842  0.2000236     -2.4696053E-03
         843  0.1995190     -2.4929254E-03
         844  0.2021950     -2.4367962E-03
         845  0.2061611     -2.3554717E-03
         846  0.2089766     -2.3157285E-03
         847  0.2094479     -2.3341489E-03
         848  0.2064584     -2.4393029E-03
         849  0.2034532     -2.5314819E-03
         850  0.2040383     -2.5078389E-03
         851  0.2077267     -2.3717580E-03
         852  0.2097950     -2.2904729E-03
         853  0.2098608     -2.2666838E-03
         854  0.2107597     -2.2103551E-03
         855  0.2116926     -2.1778024E-03
         856  0.2116516     -2.1842474E-03
         857  0.2110986     -2.1795507E-03
         858  0.2089412     -2.1841731E-03
         859  0.2059334     -2.2021688E-03
         860  0.2054569     -2.1872038E-03
         861  0.2054598     -2.2038401E-03
         862  0.2030232     -2.3083601E-03
         863  0.1994259     -2.4512354E-03
         864  0.1968018     -2.5585510E-03
         865  0.1959876     -2.6332908E-03
         866  0.1962845     -2.6806220E-03
         867  0.1970143     -2.7050206E-03
         868  0.1980409     -2.6967064E-03
         869  0.1988368     -2.6722325E-03
         870  0.1988213     -2.6725435E-03
         871  0.1985096     -2.6618969E-03
         872  0.1980771     -2.6536356E-03
         873  0.1986780     -2.6129151E-03
         874  0.1981457     -2.6101770E-03
         875  0.1955890     -2.6597492E-03
         876  0.1951255     -2.6681928E-03
         877  0.1970265     -2.6082043E-03
         878  0.1978804     -2.5267943E-03
         879  0.1968659     -2.4960444E-03
         880  0.1948892     -2.5405369E-03
         881  0.1923698     -2.6522861E-03
         882  0.1918792     -2.7131063E-03
         883  0.1940766     -2.6622508E-03
         884  0.1967498     -2.5853454E-03
         885  0.1980084     -2.5390193E-03
         886  0.1967548     -2.5647392E-03
         887  0.1946886     -2.6069663E-03
         888  0.1940082     -2.6198863E-03
         889  0.1947094     -2.5996224E-03
         890  0.1962162     -2.5565436E-03
         891  0.1975853     -2.5105046E-03
         892  0.1970965     -2.5275352E-03
         893  0.1965109     -2.5654195E-03
         894  0.1975482     -2.5202094E-03
         895  0.1985958     -2.4355254E-03
         896  0.1987693     -2.3928660E-03
         897  0.1980566     -2.3857243E-03
         898  0.1967860     -2.4036260E-03
         899  0.1943675     -2.5166594E-03
         900  0.1913648     -2.6550163E-03
         901  0.1894830     -2.7378316E-03
         902  0.1898379     -2.7609300E-03
         903  0.1925006     -2.6942289E-03
         904  0.1953068     -2.5919101E-03
         905  0.1961230     -2.5366531E-03
         906  0.1958993     -2.5144950E-03
         907  0.1965059     -2.5219768E-03
         908  0.1971023     -2.5434126E-03
         909  0.1969269     -2.5351148E-03
         910  0.1965053     -2.5259063E-03
         911  0.1958387     -2.5742215E-03
         912  0.1963055     -2.6153082E-03
         913  0.2000343     -2.4953603E-03
         914  0.2055507     -2.3078080E-03
         915  0.2075275     -2.2539194E-03
         916  0.2041934     -2.3449007E-03
         917  0.2001174     -2.4527949E-03
         918  0.1972213     -2.5598654E-03
         919  0.1950749     -2.6216644E-03
         920  0.1947601     -2.5971602E-03
         921  0.1945271     -2.6003455E-03
         922  0.1940663     -2.6725528E-03
         923  0.1944294     -2.7266950E-03
         924  0.1939391     -2.7504906E-03
         925  0.1927634     -2.7536966E-03
         926  0.1917723     -2.7577349E-03
         927  0.1915528     -2.7494233E-03
         928  0.1938133     -2.6529687E-03
         929  0.1973065     -2.5161759E-03
         930  0.1991728     -2.4653915E-03
         931  0.1975357     -2.5311387E-03
         932  0.1949756     -2.5909881E-03
         933  0.1941737     -2.6260924E-03
         934  0.1931871     -2.6963684E-03
         935  0.1911372     -2.7591647E-03
         936  0.1901231     -2.7531614E-03
         937  0.1904672     -2.7271195E-03
         938  0.1898222     -2.7642509E-03
         939  0.1895483     -2.7867125E-03
         940  0.1909217     -2.7390125E-03
         941  0.1912546     -2.7254745E-03
         942  0.1891694     -2.7888299E-03
         943  0.1874220     -2.8290222E-03
         944  0.1867486     -2.8512080E-03
         945  0.1865110     -2.8758273E-03
         946  0.1876944     -2.8495595E-03
         947  0.1897659     -2.7815998E-03
         948  0.1912776     -2.7266257E-03
         949  0.1903304     -2.7559816E-03
         950  0.1878400     -2.8485041E-03
         951  0.1859861     -2.9421195E-03
         952  0.1860058     -2.9646214E-03
         953  0.1887180     -2.9099621E-03
         954  0.1930609     -2.8235908E-03
         955  0.1968326     -2.7458954E-03
         956  0.1979265     -2.7075096E-03
         957  0.1961100     -2.7283742E-03
         958  0.1943000     -2.7369719E-03
         959  0.1946252     -2.6761882E-03
         960  0.1941722     -2.6595320E-03
         961  0.1932472     -2.6870798E-03
         962  0.1928815     -2.7118719E-03
         963  0.1927315     -2.7403873E-03
         964  0.1932076     -2.7550082E-03
         965  0.1930202     -2.7504268E-03
         966  0.1924292     -2.7108651E-03
         967  0.1913551     -2.7338036E-03
         968  0.1899054     -2.7838498E-03
         969  0.1901332     -2.7868242E-03
         970  0.1931600     -2.7225071E-03
         971  0.1962077     -2.6727461E-03
         972  0.1967933     -2.6699512E-03
         973  0.1952413     -2.6760250E-03
         974  0.1938486     -2.6442544E-03
         975  0.1931718     -2.6319164E-03
         976  0.1929526     -2.6559562E-03
         977  0.1935608     -2.6714909E-03
         978  0.1943229     -2.6806169E-03
         979  0.1947271     -2.6598505E-03
         980  0.1957484     -2.5996431E-03
         981  0.1977583     -2.5186408E-03
         982  0.1979175     -2.5099346E-03
         983  0.1949098     -2.6285953E-03
         984  0.1921216     -2.7449564E-03
         985  0.1924463     -2.7452100E-03
         986  0.1943327     -2.6947630E-03
         987  0.1942831     -2.6942904E-03
         988  0.1929829     -2.7020932E-03
         989  0.1928753     -2.6689742E-03
         990  0.1939185     -2.6398324E-03
         991  0.1946898     -2.6393330E-03
         992  0.1939743     -2.6594994E-03
         993  0.1932359     -2.6743286E-03
         994  0.1943277     -2.6283653E-03
         995  0.1961986     -2.5793263E-03
         996  0.1981586     -2.5544639E-03
         997  0.1989981     -2.5672051E-03
         998  0.1977180     -2.6300999E-03
         999  0.1960114     -2.7017624E-03
        1000  0.1955408     -2.7183376E-03
        1001  0.1958320     -2.6962128E-03
        1002  0.1959834     -2.6800926E-03
        1003  0.1952666     -2.7308776E-03
        1004  0.1942272     -2.8099322E-03
        1005  0.1943371     -2.8428775E-03
        1006  0.1959348     -2.7965605E-03
        1007  0.1964887     -2.7537961E-03
        1008  0.1952167     -2.7362837E-03
        1009  0.1933019     -2.7379456E-03
        1010  0.1925650     -2.7292969E-03
        1011  0.1930920     -2.7055095E-03
        1012  0.1941106     -2.6721340E-03
        1013  0.1956642     -2.6218612E-03
        1014  0.1971507     -2.5652046E-03
        1015  0.1963370     -2.5896200E-03
        1016  0.1938976     -2.6764791E-03
        1017  0.1944751     -2.6856714E-03
        1018  0.1970731     -2.6442944E-03
        1019  0.1973171     -2.6635863E-03
        1020  0.1959161     -2.7318702E-03
        1021  0.1957813     -2.7525623E-03
        1022  0.1957590     -2.7390872E-03
        1023  0.1954491     -2.7081270E-03
        1024  0.1958833     -2.6973959E-03
        1025  0.1971314     -2.6643579E-03
        1026  0.1964818     -2.6114541E-03
        1027  0.1944102     -2.5920079E-03
        1028  0.1924531     -2.6390438E-03
        1029  0.1915645     -2.6939495E-03
        1030  0.1924451     -2.7095031E-03
        1031  0.1946973     -2.6837457E-03
        1032  0.1965567     -2.6778881E-03
        1033  0.1972764     -2.6922263E-03
        1034  0.1973408     -2.6931786E-03
        1035  0.1969619     -2.6744853E-03
        1036  0.1967318     -2.6865571E-03
        1037  0.1977114     -2.7132891E-03
        1038  0.1984564     -2.7241209E-03
        1039  0.1965479     -2.7399019E-03
        1040  0.1939359     -2.7362525E-03
        1041  0.1926277     -2.7606471E-03
        1042  0.1921612     -2.8148589E-03
        1043  0.1926632     -2.8288669E-03
        1044  0.1941618     -2.8021024E-03
        1045  0.1955704     -2.7718674E-03
        1046  0.1953840     -2.7755965E-03
        1047  0.1941679     -2.8259058E-03
        1048  0.1926046     -2.8959212E-03
        1049  0.1908660     -2.9438357E-03
        1050  0.1892047     -2.9670780E-03
        1051  0.1885318     -2.9875364E-03
        1052  0.1898055     -2.9607709E-03
        1053  0.1924107     -2.8953280E-03
        1054  0.1937480     -2.8493940E-03
        1055  0.1927575     -2.8732512E-03
        1056  0.1915385     -2.9242856E-03
        1057  0.1926638     -2.9067344E-03
        1058  0.1947528     -2.8483535E-03
        1059  0.1959672     -2.7893786E-03
        1060  0.1960025     -2.7231218E-03
        1061  0.1948641     -2.7219758E-03
        1062  0.1938686     -2.7526715E-03
        1063  0.1933691     -2.7613172E-03
        1064  0.1937154     -2.7376006E-03
        1065  0.1941807     -2.7378525E-03
        1066  0.1932111     -2.7945675E-03
        1067  0.1927892     -2.8276632E-03
        1068  0.1935393     -2.8300153E-03
        1069  0.1930546     -2.8474501E-03
        1070  0.1922270     -2.8622944E-03
        1071  0.1928903     -2.8433097E-03
        1072  0.1936776     -2.8317529E-03
        1073  0.1947764     -2.8214846E-03
        1074  0.1966650     -2.7544245E-03
        1075  0.1989075     -2.6715666E-03
        1076  0.1998190     -2.6714683E-03
        1077  0.1992393     -2.6935469E-03
        1078  0.1994414     -2.6359055E-03
        1079  0.2006096     -2.5423483E-03
        1080  0.1996666     -2.5687760E-03
        1081  0.1967247     -2.6847436E-03
        1082  0.1944459     -2.7735007E-03
        1083  0.1952393     -2.7810594E-03
        1084  0.1991256     -2.6770453E-03
        1085  0.2022091     -2.5630761E-03
        1086  0.2018994     -2.5529640E-03
        1087  0.2015349     -2.5540176E-03
        1088  0.2018334     -2.5387497E-03
        1089  0.2005431     -2.5461987E-03
        1090  0.1991505     -2.5735032E-03
        1091  0.1991963     -2.5984119E-03
        1092  0.1993587     -2.6249073E-03
        1093  0.1991301     -2.6499752E-03
        1094  0.1990697     -2.6512092E-03
        1095  0.1986863     -2.6530849E-03
        1096  0.1981563     -2.6786528E-03
        1097  0.1989702     -2.6652776E-03
        1098  0.2005598     -2.5957022E-03
        1099  0.2018727     -2.5186150E-03
        1100  0.2021539     -2.4483104E-03
        1101  0.2012494     -2.4204399E-03
        1102  0.2003935     -2.4130251E-03
        1103  0.1987149     -2.4487204E-03
        1104  0.1977316     -2.4782750E-03
        1105  0.1983562     -2.4684276E-03
        1106  0.1986503     -2.4866816E-03
        1107  0.1972696     -2.5593764E-03
        1108  0.1961432     -2.5978575E-03
        1109  0.1968062     -2.6072629E-03
        1110  0.1987672     -2.5832779E-03
        1111  0.1991876     -2.5339876E-03
        1112  0.1970456     -2.5850653E-03
        1113  0.1942181     -2.7167068E-03
        1114  0.1922900     -2.7875754E-03
        1115  0.1918942     -2.7811914E-03
        1116  0.1918714     -2.7560166E-03
        1117  0.1925568     -2.7126677E-03
        1118  0.1952962     -2.6521140E-03
        1119  0.1976761     -2.6063123E-03
        1120  0.1973771     -2.6173706E-03
        1121  0.1961059     -2.6808525E-03
        1122  0.1972468     -2.7024907E-03
        1123  0.1988797     -2.6947854E-03
        1124  0.1962018     -2.7721408E-03
        1125  0.1919144     -2.8916996E-03
        1126  0.1892941     -2.9586933E-03
        1127  0.1881791     -2.9466411E-03
        1128  0.1904069     -2.8380400E-03
        1129  0.1944510     -2.7327160E-03
        1130  0.1939383     -2.7415270E-03
        1131  0.1897891     -2.8296132E-03
        1132  0.1868146     -2.9021238E-03
        1133  0.1866580     -2.8865221E-03
        1134  0.1891667     -2.7763585E-03
        1135  0.1915869     -2.6916801E-03
        1136  0.1919111     -2.7106304E-03
        1137  0.1908372     -2.7729457E-03
        1138  0.1892678     -2.8349215E-03
        1139  0.1872144     -2.8859784E-03
        1140  0.1862411     -2.9041760E-03
        1141  0.1875664     -2.8752943E-03
        1142  0.1896597     -2.8258313E-03
        1143  0.1900839     -2.7937281E-03
        1144  0.1894095     -2.7540217E-03
        1145  0.1895974     -2.6867243E-03
        1146  0.1905933     -2.6288412E-03
        1147  0.1911913     -2.6225739E-03
        1148  0.1908785     -2.6707686E-03
        1149  0.1890769     -2.7793492E-03
        1150  0.1875836     -2.8527363E-03
        1151  0.1872577     -2.8581291E-03
        1152  0.1878174     -2.8262676E-03
        1153  0.1899893     -2.7632792E-03
        1154  0.1916910     -2.7063636E-03
        1155  0.1916682     -2.6698259E-03
        1156  0.1918776     -2.6625893E-03
        1157  0.1922423     -2.6720837E-03
        1158  0.1913886     -2.6629404E-03
        1159  0.1886097     -2.7159962E-03
        1160  0.1856953     -2.8566956E-03
        1161  0.1842824     -2.9648279E-03
        1162  0.1844077     -2.9696834E-03
        1163  0.1867575     -2.8324337E-03
        1164  0.1898255     -2.6460339E-03
        1165  0.1918459     -2.5563256E-03
        1166  0.1934321     -2.5239154E-03
        1167  0.1945904     -2.4923687E-03
        1168  0.1940174     -2.5014761E-03
        1169  0.1919695     -2.5616966E-03
        1170  0.1888049     -2.6944482E-03
        1171  0.1843211     -2.8698393E-03
        1172  0.1808820     -2.9716494E-03
        1173  0.1797709     -2.9692501E-03
        1174  0.1805434     -2.8813160E-03
        1175  0.1818546     -2.7956781E-03
        1176  0.1824808     -2.8006688E-03
        1177  0.1831600     -2.8196631E-03
        1178  0.1840874     -2.7822021E-03
        1179  0.1854028     -2.6970517E-03
        1180  0.1863832     -2.6437077E-03
        1181  0.1855302     -2.6576251E-03
        1182  0.1830476     -2.7083952E-03
        1183  0.1823089     -2.7210289E-03
        1184  0.1836875     -2.7091044E-03
        1185  0.1847146     -2.7552494E-03
        1186  0.1853126     -2.8102607E-03
        1187  0.1857374     -2.8175677E-03
        1188  0.1855055     -2.8195954E-03
        1189  0.1857403     -2.8391606E-03
        1190  0.1876844     -2.7720991E-03
        1191  0.1891309     -2.6720141E-03
        1192  0.1899503     -2.6236081E-03
        1193  0.1908876     -2.6147563E-03
        1194  0.1901757     -2.7007270E-03
        1195  0.1882300     -2.8030362E-03
        1196  0.1870787     -2.7930813E-03
        1197  0.1875463     -2.6950722E-03
        1198  0.1879082     -2.6471063E-03
        1199  0.1867140     -2.6902335E-03
        1200  0.1862800     -2.6957265E-03
        1201  0.1872452     -2.6513904E-03
        1202  0.1883677     -2.6177992E-03
        1203  0.1894648     -2.5618428E-03
        1204  0.1906999     -2.4822743E-03
        1205  0.1910062     -2.4758100E-03
        1206  0.1909548     -2.5116266E-03
        1207  0.1918995     -2.4970495E-03
        1208  0.1915293     -2.4944320E-03
        1209  0.1888388     -2.5346873E-03
        1210  0.1875963     -2.5434650E-03
        1211  0.1882095     -2.5304409E-03
        1212  0.1893904     -2.5191724E-03
        1213  0.1907032     -2.5089693E-03
        1214  0.1914285     -2.4697746E-03
        1215  0.1925469     -2.3880249E-03
        1216  0.1950945     -2.3176477E-03
        1217  0.1972016     -2.2642384E-03
        1218  0.1971547     -2.2497063E-03
        1219  0.1956766     -2.2924596E-03
        1220  0.1926679     -2.4267251E-03
        1221  0.1888921     -2.5991355E-03
        1222  0.1880350     -2.6710073E-03
        1223  0.1896978     -2.6136972E-03
        1224  0.1920560     -2.4752121E-03
        1225  0.1946649     -2.3260750E-03
        1226  0.1957673     -2.2590649E-03
        1227  0.1945917     -2.2699260E-03
        1228  0.1932299     -2.2804185E-03
        1229  0.1935164     -2.2577874E-03
        1230  0.1936634     -2.2644976E-03
        1231  0.1914973     -2.3127242E-03
        1232  0.1881455     -2.3925812E-03
        1233  0.1869123     -2.4439390E-03
        1234  0.1877273     -2.4381694E-03
        1235  0.1891116     -2.3844254E-03
        1236  0.1923237     -2.2635360E-03
        1237  0.1941381     -2.1964472E-03
        1238  0.1919598     -2.2462464E-03
        1239  0.1884808     -2.3427675E-03
        1240  0.1860792     -2.4196731E-03
        1241  0.1856011     -2.4565847E-03
        1242  0.1870023     -2.4400945E-03
        1243  0.1892153     -2.3884722E-03
        1244  0.1909808     -2.3192354E-03
        1245  0.1900015     -2.3269090E-03
        1246  0.1873554     -2.3989677E-03
        1247  0.1850148     -2.4788871E-03
        1248  0.1834665     -2.5412966E-03
        1249  0.1846481     -2.5016780E-03
        1250  0.1890686     -2.3473301E-03
        1251  0.1927283     -2.2385642E-03
        1252  0.1937957     -2.2215375E-03
        1253  0.1933095     -2.2670140E-03
        1254  0.1921794     -2.3579795E-03
        1255  0.1908485     -2.3863330E-03
        1256  0.1907568     -2.3234922E-03
        1257  0.1918373     -2.2276968E-03
        1258  0.1912947     -2.2517319E-03
        1259  0.1896487     -2.3575448E-03
        1260  0.1890055     -2.4006988E-03
        1261  0.1894752     -2.3979843E-03
        1262  0.1903459     -2.3699901E-03
        1263  0.1897077     -2.3971817E-03
        1264  0.1886222     -2.4047710E-03
        1265  0.1894912     -2.3264166E-03
        1266  0.1915054     -2.2672687E-03
        1267  0.1916050     -2.2853841E-03
        1268  0.1906705     -2.3150314E-03
        1269  0.1900628     -2.3157045E-03
        1270  0.1884174     -2.3235546E-03
        1271  0.1854615     -2.3745291E-03
        1272  0.1836633     -2.4378672E-03
        1273  0.1836799     -2.4613307E-03
        1274  0.1850866     -2.4262981E-03
        1275  0.1882095     -2.3440153E-03
        1276  0.1905454     -2.2843014E-03
        1277  0.1903067     -2.2185268E-03
        1278  0.1882185     -2.1728387E-03
        1279  0.1865529     -2.1966188E-03
        1280  0.1859607     -2.2808095E-03
        1281  0.1858254     -2.3490121E-03
        1282  0.1851037     -2.3352043E-03
        1283  0.1838224     -2.3262831E-03
        1284  0.1838029     -2.3459059E-03
        1285  0.1849969     -2.3792647E-03
        1286  0.1850415     -2.4270019E-03
        1287  0.1837182     -2.4577924E-03
        1288  0.1821930     -2.4623100E-03
        1289  0.1810687     -2.4405259E-03
        1290  0.1810046     -2.3732341E-03
        1291  0.1815145     -2.3538398E-03
        1292  0.1818385     -2.4048346E-03
        1293  0.1820945     -2.4116528E-03
        1294  0.1826815     -2.3325090E-03
        1295  0.1823740     -2.3368981E-03
        1296  0.1806867     -2.4137266E-03
        1297  0.1785498     -2.4944257E-03
        1298  0.1785315     -2.5180669E-03
        1299  0.1797999     -2.4758161E-03
        1300  0.1811821     -2.4290129E-03
        1301  0.1822487     -2.4037815E-03
        1302  0.1828437     -2.3815786E-03
        1303  0.1845175     -2.2927297E-03
        1304  0.1856839     -2.2072853E-03
        1305  0.1839000     -2.2394222E-03
        1306  0.1818042     -2.3197562E-03
        1307  0.1822102     -2.3226845E-03
        1308  0.1827704     -2.3469538E-03
        1309  0.1814428     -2.4435187E-03
        1310  0.1800262     -2.4825081E-03
        1311  0.1798792     -2.4511626E-03
        1312  0.1803737     -2.4241074E-03
        1313  0.1804148     -2.4498466E-03
        1314  0.1801237     -2.4812152E-03
        1315  0.1795320     -2.4807993E-03
        1316  0.1795922     -2.4335724E-03
        1317  0.1790619     -2.4526995E-03
        1318  0.1773174     -2.5461060E-03
        1319  0.1766536     -2.6199908E-03
        1320  0.1771811     -2.6742287E-03
        1321  0.1782167     -2.6495510E-03
        1322  0.1805715     -2.5138601E-03
        1323  0.1826820     -2.4342947E-03
        1324  0.1824278     -2.4333571E-03
        1325  0.1805269     -2.4800026E-03
        1326  0.1785866     -2.5353190E-03
        1327  0.1779312     -2.5670805E-03
        1328  0.1783175     -2.5439686E-03
        1329  0.1780006     -2.4971105E-03
        1330  0.1768083     -2.4631850E-03
        1331  0.1773741     -2.4218562E-03
        1332  0.1788313     -2.3998951E-03
        1333  0.1787864     -2.4332500E-03
        1334  0.1778914     -2.4515430E-03
        1335  0.1771879     -2.4491714E-03
        1336  0.1763327     -2.4655594E-03
        1337  0.1763431     -2.4811155E-03
        1338  0.1786031     -2.4591335E-03
        1339  0.1814526     -2.4108165E-03
        1340  0.1822902     -2.3611726E-03
        1341  0.1820748     -2.2929809E-03
        1342  0.1819424     -2.2160679E-03
        1343  0.1805182     -2.2049395E-03
        1344  0.1776991     -2.2991414E-03
        1345  0.1752212     -2.4504310E-03
        1346  0.1739971     -2.5515240E-03
        1347  0.1737641     -2.5555266E-03
        1348  0.1725980     -2.5745833E-03
        1349  0.1702274     -2.6505929E-03
        1350  0.1677384     -2.7564350E-03
        1351  0.1666459     -2.8183586E-03
        1352  0.1672743     -2.8046740E-03
        1353  0.1674078     -2.7801052E-03
        1354  0.1676945     -2.7682134E-03
        1355  0.1688321     -2.7586950E-03
        1356  0.1702186     -2.7193723E-03
        1357  0.1699013     -2.7387454E-03
        1358  0.1676715     -2.8168096E-03
        1359  0.1664255     -2.8256897E-03
        1360  0.1664900     -2.8189607E-03
        1361  0.1685013     -2.8118605E-03
        1362  0.1718296     -2.7656439E-03
        1363  0.1737510     -2.7138586E-03
        1364  0.1722830     -2.7009898E-03
        1365  0.1700217     -2.6885238E-03
        1366  0.1690639     -2.7089803E-03
        1367  0.1686987     -2.7926310E-03
        1368  0.1683058     -2.8305359E-03
        1369  0.1689464     -2.7397752E-03
        1370  0.1700913     -2.6562519E-03
        1371  0.1701396     -2.6464702E-03
        1372  0.1685578     -2.6390615E-03
        1373  0.1667276     -2.6113724E-03
        1374  0.1656409     -2.6640799E-03
        1375  0.1658489     -2.7307514E-03
        1376  0.1666991     -2.7425585E-03
        1377  0.1655891     -2.7842808E-03
        1378  0.1631633     -2.8683341E-03
        1379  0.1618565     -2.9478048E-03
        1380  0.1614256     -3.0458549E-03
        1381  0.1616273     -3.0707542E-03
        1382  0.1618502     -3.0208195E-03
        1383  0.1621964     -2.9809647E-03
        1384  0.1635468     -2.9538260E-03
        1385  0.1657830     -2.9162914E-03
        1386  0.1667839     -2.9044019E-03
        1387  0.1666971     -2.8954893E-03
        1388  0.1670987     -2.8477628E-03
        1389  0.1656815     -2.8587244E-03
        1390  0.1620659     -2.9857529E-03
        1391  0.1610216     -3.0331004E-03
        1392  0.1628074     -3.0049186E-03
        1393  0.1657162     -2.9229948E-03
        1394  0.1681881     -2.8252765E-03
        1395  0.1681107     -2.8256271E-03
        1396  0.1663394     -2.8796659E-03
        1397  0.1657401     -2.8759316E-03
        1398  0.1656034     -2.8667785E-03
        1399  0.1658897     -2.8643911E-03
        1400  0.1655294     -2.9143270E-03
        1401  0.1635981     -3.0175559E-03
        1402  0.1610566     -3.1074076E-03
        1403  0.1598517     -3.1204005E-03
        1404  0.1583619     -3.1446018E-03
        1405  0.1559718     -3.1902064E-03
        1406  0.1558486     -3.1888869E-03
        1407  0.1590998     -3.1359028E-03
        1408  0.1624939     -3.0789380E-03
        1409  0.1630176     -3.0648324E-03
        1410  0.1616575     -3.1004152E-03
        1411  0.1610615     -3.1278611E-03
        1412  0.1620028     -3.1070078E-03
        1413  0.1628581     -3.0657125E-03
        1414  0.1621067     -3.0578973E-03
        1415  0.1607341     -3.0891425E-03
        1416  0.1601329     -3.1153539E-03
        1417  0.1597842     -3.1488265E-03
        1418  0.1600951     -3.1547840E-03
        1419  0.1608905     -3.1329319E-03
        1420  0.1619459     -3.0961602E-03
        1421  0.1631053     -3.0342245E-03
        1422  0.1634826     -2.9643353E-03
        1423  0.1632177     -2.8896756E-03
        1424  0.1628477     -2.8529284E-03
        1425  0.1628051     -2.8516934E-03
        1426  0.1635243     -2.8603300E-03
        1427  0.1632477     -2.8962649E-03
        1428  0.1614509     -2.9277711E-03
        1429  0.1595692     -2.9398187E-03
        1430  0.1584697     -2.9772357E-03
        1431  0.1584997     -3.0053216E-03
        1432  0.1592895     -2.9718378E-03
        1433  0.1599522     -2.9092652E-03
        1434  0.1597222     -2.8979194E-03
        1435  0.1599064     -2.9220439E-03
        1436  0.1591869     -3.0246973E-03
        1437  0.1577487     -3.0885097E-03
        1438  0.1578038     -3.0333742E-03
        1439  0.1588987     -2.9585876E-03
        1440  0.1599907     -2.8832213E-03
        1441  0.1604372     -2.8260772E-03
        1442  0.1614011     -2.7422216E-03
        1443  0.1639081     -2.6069742E-03
        1444  0.1673831     -2.4663226E-03
        1445  0.1686763     -2.3993575E-03
        1446  0.1660320     -2.4737788E-03
        1447  0.1628679     -2.6206740E-03
        1448  0.1616786     -2.6879800E-03
        1449  0.1609674     -2.7017479E-03
        1450  0.1597296     -2.7316606E-03
        1451  0.1586878     -2.7742940E-03
        1452  0.1579425     -2.8291927E-03
        1453  0.1585915     -2.8397378E-03
        1454  0.1607130     -2.7434274E-03
        1455  0.1620428     -2.6292608E-03
        1456  0.1612835     -2.6460316E-03
        1457  0.1606850     -2.7253437E-03
        1458  0.1597967     -2.7836219E-03
        1459  0.1591903     -2.8027804E-03
        1460  0.1610131     -2.7988334E-03
        1461  0.1628718     -2.7547951E-03
        1462  0.1612775     -2.7551658E-03
        1463  0.1578145     -2.8269964E-03
        1464  0.1561820     -2.8560346E-03
        1465  0.1570884     -2.7849278E-03
        1466  0.1576447     -2.7763336E-03
        1467  0.1579043     -2.7595717E-03
        1468  0.1586342     -2.6779196E-03
        1469  0.1590346     -2.6605497E-03
        1470  0.1601824     -2.6859813E-03
        1471  0.1621769     -2.6620119E-03
        1472  0.1635210     -2.6385449E-03
        1473  0.1631050     -2.6535124E-03
        1474  0.1604419     -2.7187576E-03
        1475  0.1563879     -2.8432941E-03
        1476  0.1547152     -2.9041024E-03
        1477  0.1546378     -2.8849957E-03
        1478  0.1545915     -2.8527195E-03
        1479  0.1535247     -2.9129512E-03
        1480  0.1533021     -2.9377430E-03
        1481  0.1549907     -2.8799304E-03
        1482  0.1576564     -2.8026321E-03
        1483  0.1582749     -2.7584920E-03
        1484  0.1556287     -2.8316684E-03
        1485  0.1533611     -2.9601115E-03
        1486  0.1538382     -2.9714622E-03
        1487  0.1556175     -2.8333573E-03
        1488  0.1571252     -2.6939046E-03
        1489  0.1575538     -2.6612654E-03
        1490  0.1561224     -2.7280382E-03
        1491  0.1538868     -2.8280418E-03
        1492  0.1530303     -2.8700496E-03
        1493  0.1533476     -2.8504825E-03
        1494  0.1533405     -2.8668030E-03
        1495  0.1525371     -2.9414389E-03
        1496  0.1526638     -2.9350820E-03
        1497  0.1530055     -2.9054133E-03
        1498  0.1535311     -2.8939671E-03
        1499  0.1548217     -2.8652034E-03
        1500  0.1557505     -2.7995235E-03
        1501  0.1555273     -2.7677643E-03
        1502  0.1541813     -2.7471022E-03
        1503  0.1534147     -2.6845920E-03
        1504  0.1540324     -2.6466977E-03
        1505  0.1552396     -2.6407070E-03
        1506  0.1557376     -2.6730704E-03
        1507  0.1553349     -2.7448162E-03
        1508  0.1556225     -2.7901512E-03
        1509  0.1569670     -2.7559137E-03
        1510  0.1573590     -2.6894927E-03
        1511  0.1564462     -2.6361677E-03
        1512  0.1552833     -2.6175689E-03
        1513  0.1546177     -2.6359521E-03
        1514  0.1546929     -2.6239506E-03
        1515  0.1541813     -2.6292221E-03
        1516  0.1542088     -2.6428229E-03
        1517  0.1556281     -2.5824388E-03
        1518  0.1576051     -2.4430763E-03
        1519  0.1584905     -2.3600108E-03
        1520  0.1586453     -2.4086502E-03
        1521  0.1590626     -2.5076426E-03
        1522  0.1590759     -2.5829920E-03
        1523  0.1583933     -2.6002992E-03
        1524  0.1563648     -2.6392906E-03
        1525  0.1543595     -2.6989107E-03
        1526  0.1540544     -2.7248699E-03
        1527  0.1549793     -2.7299763E-03
        1528  0.1567932     -2.7483215E-03
        1529  0.1591521     -2.7053175E-03
        1530  0.1611820     -2.5794208E-03
        1531  0.1617226     -2.4999902E-03
        1532  0.1612184     -2.4941589E-03
        1533  0.1594589     -2.5336598E-03
        1534  0.1573470     -2.5685404E-03
        1535  0.1563302     -2.5637033E-03
        1536  0.1555377     -2.5599631E-03
        1537  0.1552718     -2.5827787E-03
        1538  0.1559084     -2.5767304E-03
        1539  0.1569159     -2.5556441E-03
        1540  0.1575887     -2.5318053E-03
        1541  0.1577943     -2.5217098E-03
        1542  0.1571830     -2.5634712E-03
        1543  0.1577968     -2.6061945E-03
        1544  0.1599853     -2.5922831E-03
        1545  0.1620051     -2.5535037E-03
        1546  0.1624986     -2.5337397E-03
        1547  0.1619129     -2.4853698E-03
        1548  0.1616710     -2.4241579E-03
        1549  0.1606834     -2.4239884E-03
        1550  0.1583145     -2.4829321E-03
        1551  0.1566001     -2.5203521E-03
        1552  0.1559147     -2.5591890E-03
        1553  0.1551582     -2.6120364E-03
        1554  0.1552348     -2.6314000E-03
        1555  0.1553240     -2.6565508E-03
        1556  0.1553532     -2.6689467E-03
        1557  0.1562404     -2.6510565E-03
        1558  0.1560124     -2.6520765E-03
        1559  0.1540862     -2.6917870E-03
        1560  0.1530291     -2.6818432E-03
        1561  0.1528029     -2.6439619E-03
        1562  0.1526580     -2.6302433E-03
        1563  0.1522132     -2.6440977E-03
        1564  0.1520961     -2.6651870E-03
        1565  0.1544386     -2.6211462E-03
        1566  0.1578934     -2.5163407E-03
        1567  0.1591222     -2.4398437E-03
        1568  0.1588782     -2.4267677E-03
        1569  0.1593014     -2.3695198E-03
        1570  0.1596653     -2.3049002E-03
        1571  0.1598853     -2.3110597E-03
        1572  0.1614575     -2.3049724E-03
        1573  0.1627849     -2.3056660E-03
        1574  0.1621172     -2.2941506E-03
        1575  0.1588901     -2.3204684E-03
        1576  0.1558011     -2.3398714E-03
        1577  0.1557962     -2.3175492E-03
        1578  0.1579505     -2.2725929E-03
        1579  0.1596989     -2.2055598E-03
        1580  0.1604928     -2.1439046E-03
        1581  0.1606003     -2.1864434E-03
        1582  0.1603192     -2.2654734E-03
        1583  0.1595443     -2.2861676E-03
        1584  0.1582559     -2.3050886E-03
        1585  0.1573703     -2.4056744E-03
        1586  0.1582350     -2.4658795E-03
        1587  0.1592141     -2.4750356E-03
        1588  0.1602917     -2.4295957E-03
        1589  0.1610105     -2.3586627E-03
        1590  0.1611009     -2.2991335E-03
        1591  0.1608498     -2.2686229E-03
        1592  0.1598800     -2.1958428E-03
        1593  0.1592554     -2.1500082E-03
        1594  0.1604277     -2.1553414E-03
        1595  0.1632289     -2.1282642E-03
        1596  0.1644885     -2.1102570E-03
        1597  0.1633921     -2.1357178E-03
        1598  0.1616849     -2.1934907E-03
        1599  0.1603568     -2.2334179E-03
        1600  0.1593589     -2.2605474E-03
        1601  0.1581749     -2.3059710E-03
        1602  0.1570719     -2.3301945E-03
        1603  0.1574636     -2.2951330E-03
        1604  0.1587591     -2.2330096E-03
        1605  0.1602479     -2.1165130E-03
        1606  0.1620646     -1.9698204E-03
        1607  0.1623443     -1.9592182E-03
        1608  0.1606778     -2.1270255E-03
        1609  0.1594038     -2.2396219E-03
        1610  0.1588197     -2.2586975E-03
        1611  0.1586198     -2.2531464E-03
        1612  0.1585436     -2.2269706E-03
        1613  0.1586622     -2.2003704E-03
        1614  0.1586189     -2.2240153E-03
        1615  0.1577415     -2.2755770E-03
        1616  0.1569619     -2.3032059E-03
        1617  0.1569327     -2.3220184E-03
        1618  0.1581967     -2.2510760E-03
        1619  0.1602619     -2.0938327E-03
        1620  0.1599365     -2.0973759E-03
        1621  0.1576982     -2.2490991E-03
        1622  0.1586972     -2.2590016E-03
        1623  0.1611675     -2.2099756E-03
        1624  0.1613216     -2.2391058E-03
        1625  0.1602091     -2.2506795E-03
        1626  0.1584013     -2.2621173E-03
        1627  0.1569273     -2.2777333E-03
        1628  0.1559779     -2.2934258E-03
        1629  0.1545969     -2.3560987E-03
        1630  0.1538344     -2.3856214E-03
        1631  0.1544866     -2.3363400E-03
        1632  0.1547104     -2.2716564E-03
        1633  0.1535137     -2.3068022E-03
        1634  0.1535029     -2.3253704E-03
        1635  0.1542345     -2.3099110E-03
        1636  0.1539156     -2.3244696E-03
        1637  0.1524943     -2.4077978E-03
        1638  0.1518343     -2.4521674E-03
        1639  0.1519579     -2.4674798E-03
        1640  0.1533434     -2.4095201E-03
        1641  0.1554534     -2.3038487E-03
        1642  0.1569711     -2.1985334E-03
        1643  0.1571210     -2.1239251E-03
        1644  0.1565038     -2.1287526E-03
        1645  0.1548548     -2.2269869E-03
        1646  0.1528731     -2.3459450E-03
        1647  0.1514086     -2.4222515E-03
        1648  0.1504053     -2.4236769E-03
        1649  0.1503812     -2.3861912E-03
        1650  0.1515454     -2.3662504E-03
        1651  0.1517709     -2.4117511E-03
        1652  0.1510467     -2.4843572E-03
        1653  0.1508184     -2.5219624E-03
        1654  0.1514670     -2.5017930E-03
        1655  0.1513398     -2.5100927E-03
        1656  0.1503761     -2.5572290E-03
        1657  0.1496650     -2.5364948E-03
        1658  0.1497655     -2.4696740E-03
        1659  0.1512644     -2.3617332E-03
        1660  0.1524376     -2.2786085E-03
        1661  0.1532802     -2.2395647E-03
        1662  0.1539728     -2.1995304E-03
        1663  0.1527839     -2.2819689E-03
        1664  0.1509394     -2.4522694E-03
        1665  0.1502985     -2.5213263E-03
        1666  0.1505823     -2.4897193E-03
        1667  0.1512605     -2.4092027E-03
        1668  0.1516639     -2.3599281E-03
        1669  0.1515440     -2.3612098E-03
        1670  0.1502069     -2.3829343E-03
        1671  0.1502402     -2.3667931E-03
        1672  0.1525566     -2.2920216E-03
        1673  0.1530745     -2.2709277E-03
        1674  0.1510108     -2.3334878E-03
        1675  0.1488487     -2.3882145E-03
        1676  0.1481817     -2.4111203E-03
        1677  0.1490633     -2.3803599E-03
        1678  0.1503443     -2.3255032E-03
        1679  0.1510261     -2.2762266E-03
        1680  0.1515733     -2.2279290E-03
        1681  0.1520184     -2.1766601E-03
        1682  0.1522949     -2.1251098E-03
        1683  0.1538938     -2.0261020E-03
        1684  0.1557257     -1.9720253E-03
        1685  0.1550079     -2.0408938E-03
        1686  0.1529792     -2.1267480E-03
        1687  0.1513955     -2.1811728E-03
        1688  0.1512023     -2.1594991E-03
        1689  0.1518855     -2.1069371E-03
        1690  0.1521365     -2.0794466E-03
        1691  0.1517712     -2.0947123E-03
        1692  0.1504205     -2.1490890E-03
        1693  0.1497072     -2.2106979E-03
        1694  0.1501582     -2.2831429E-03
        1695  0.1502357     -2.3247951E-03
        1696  0.1501683     -2.3605875E-03
        1697  0.1519331     -2.3179112E-03
        1698  0.1540995     -2.2478118E-03
        1699  0.1535766     -2.2356820E-03
        1700  0.1507986     -2.2670592E-03
        1701  0.1482902     -2.2971618E-03
        1702  0.1478875     -2.3552754E-03
        1703  0.1483672     -2.3961228E-03
        1704  0.1481263     -2.4038369E-03
        1705  0.1486723     -2.3265663E-03
        1706  0.1500246     -2.1942202E-03
        1707  0.1502253     -2.1443262E-03
        1708  0.1493103     -2.1794387E-03
        1709  0.1483898     -2.2284170E-03
        1710  0.1474525     -2.2728159E-03
        1711  0.1475281     -2.2614340E-03
        1712  0.1476608     -2.2155691E-03
        1713  0.1473039     -2.1746841E-03
        1714  0.1486003     -2.0890513E-03
        1715  0.1509959     -2.0285859E-03
        1716  0.1527039     -1.9611253E-03
        1717  0.1527713     -1.9887076E-03
        1718  0.1503817     -2.1399588E-03
        1719  0.1474683     -2.2464998E-03
        1720  0.1460876     -2.2575688E-03
        1721  0.1462343     -2.2325558E-03
        1722  0.1466030     -2.2659616E-03
        1723  0.1478645     -2.2444495E-03
        1724  0.1484075     -2.2329767E-03
        1725  0.1467899     -2.3342033E-03
        1726  0.1436224     -2.5169884E-03
        1727  0.1418010     -2.6043840E-03
        1728  0.1412243     -2.5768273E-03
        1729  0.1405317     -2.5580812E-03
        1730  0.1405692     -2.5374349E-03
        1731  0.1413930     -2.4849796E-03
        1732  0.1421874     -2.4221072E-03
        1733  0.1434582     -2.3598822E-03
        1734  0.1450294     -2.2433533E-03
        1735  0.1448983     -2.1872099E-03
        1736  0.1433080     -2.1893880E-03
        1737  0.1409135     -2.2657390E-03
        1738  0.1393681     -2.3760626E-03
        1739  0.1405683     -2.3778230E-03
        1740  0.1422660     -2.3208826E-03
        1741  0.1424633     -2.2856742E-03
        1742  0.1420534     -2.2375269E-03
        1743  0.1417101     -2.2147889E-03
        1744  0.1416655     -2.2494216E-03
        1745  0.1417150     -2.2898128E-03
        1746  0.1405908     -2.3423322E-03
        1747  0.1377501     -2.4380176E-03
        1748  0.1357832     -2.4884329E-03
        1749  0.1355929     -2.4869852E-03
        1750  0.1363827     -2.4624597E-03
        1751  0.1381920     -2.3638345E-03
        1752  0.1405952     -2.2268321E-03
        1753  0.1426560     -2.1232648E-03
        1754  0.1430257     -2.1017913E-03
        1755  0.1431834     -2.0824599E-03
        1756  0.1448913     -2.0144756E-03
        1757  0.1453692     -2.0359750E-03
        1758  0.1440569     -2.1083488E-03
        1759  0.1429635     -2.1188273E-03
        1760  0.1428129     -2.0951740E-03
        1761  0.1411718     -2.2071307E-03
        1762  0.1389720     -2.3129899E-03
        1763  0.1381418     -2.3440518E-03
        1764  0.1377679     -2.3981382E-03
        1765  0.1370372     -2.4457697E-03
        1766  0.1366161     -2.4582460E-03
        1767  0.1360772     -2.4537495E-03
        1768  0.1356602     -2.4287535E-03
        1769  0.1363454     -2.3873288E-03
        1770  0.1383721     -2.2944952E-03
        1771  0.1399858     -2.2153256E-03
        1772  0.1387788     -2.2707502E-03
        1773  0.1356444     -2.3653395E-03
        1774  0.1346057     -2.3356669E-03
        1775  0.1364637     -2.1905482E-03
        1776  0.1379221     -2.1210199E-03
        1777  0.1387363     -2.0992805E-03
        1778  0.1398945     -2.0541479E-03
        1779  0.1398550     -2.0809311E-03
        1780  0.1387653     -2.1516224E-03
        1781  0.1374836     -2.2528290E-03
        1782  0.1374257     -2.2709421E-03
        1783  0.1383825     -2.1772003E-03
        1784  0.1386075     -2.1097998E-03
        1785  0.1372357     -2.1768201E-03
        1786  0.1364557     -2.1998370E-03
        1787  0.1355231     -2.1934963E-03
        1788  0.1343698     -2.2413121E-03
        1789  0.1346794     -2.2271820E-03
        1790  0.1348807     -2.2263457E-03
        1791  0.1348344     -2.2281739E-03
        1792  0.1354300     -2.1982398E-03
        1793  0.1355154     -2.2079267E-03
        1794  0.1337058     -2.2855471E-03
        1795  0.1325213     -2.3482002E-03
        1796  0.1331241     -2.3795662E-03
        1797  0.1337297     -2.3963584E-03
        1798  0.1341282     -2.3954546E-03
        1799  0.1337117     -2.4229013E-03
        1800  0.1316432     -2.4536646E-03
        1801  0.1299033     -2.4377264E-03
        1802  0.1297955     -2.4450219E-03
        1803  0.1303909     -2.4447541E-03
        1804  0.1309067     -2.4246320E-03
        1805  0.1308277     -2.4232434E-03
        1806  0.1308717     -2.4110971E-03
        1807  0.1313724     -2.3590089E-03
        1808  0.1308858     -2.3413070E-03
        1809  0.1295081     -2.3523755E-03
        1810  0.1297259     -2.3049139E-03
        1811  0.1315133     -2.2050240E-03
        1812  0.1331520     -2.1309874E-03
        1813  0.1337850     -2.1311799E-03
        1814  0.1335015     -2.1710524E-03
        1815  0.1321783     -2.2253664E-03
        1816  0.1306771     -2.2606037E-03
        1817  0.1299727     -2.2559627E-03
        1818  0.1292558     -2.2737789E-03
        1819  0.1282715     -2.3526829E-03
        1820  0.1280729     -2.3943221E-03
        1821  0.1289712     -2.3643004E-03
        1822  0.1305475     -2.3085757E-03
        1823  0.1321933     -2.2696930E-03
        1824  0.1328146     -2.2184849E-03
        1825  0.1316387     -2.2391435E-03
        1826  0.1308467     -2.2284857E-03
        1827  0.1313689     -2.0807378E-03
        1828  0.1320544     -1.9606780E-03
        1829  0.1326924     -1.9492569E-03
        1830  0.1326758     -1.9703864E-03
        1831  0.1307635     -2.0668192E-03
        1832  0.1281847     -2.2350289E-03
        1833  0.1274195     -2.3085398E-03
        1834  0.1279689     -2.2916466E-03
        1835  0.1276360     -2.3112271E-03
        1836  0.1266546     -2.3681412E-03
        1837  0.1259829     -2.4182927E-03
        1838  0.1256049     -2.4618704E-03
        1839  0.1255621     -2.4391380E-03
        1840  0.1267730     -2.3343216E-03
        1841  0.1298765     -2.1543191E-03
        1842  0.1317959     -2.0124840E-03
        1843  0.1303986     -2.0226391E-03
        1844  0.1274141     -2.1683776E-03
        1845  0.1247817     -2.3723475E-03
        1846  0.1234938     -2.4891794E-03
        1847  0.1240741     -2.4269505E-03
        1848  0.1247237     -2.3836733E-03
        1849  0.1243430     -2.4159204E-03
        1850  0.1242195     -2.4063608E-03
        1851  0.1252225     -2.2539392E-03
        1852  0.1267202     -2.1079804E-03
        1853  0.1264778     -2.1412300E-03
        1854  0.1254491     -2.2329632E-03
        1855  0.1253871     -2.2485289E-03
        1856  0.1258048     -2.2272903E-03
        1857  0.1255891     -2.1612258E-03
        1858  0.1245219     -2.1607976E-03
        1859  0.1235718     -2.2276910E-03
        1860  0.1230761     -2.3258249E-03
        1861  0.1231408     -2.3724216E-03
        1862  0.1234811     -2.3823760E-03
        1863  0.1225404     -2.4507083E-03
        1864  0.1208657     -2.5632919E-03
        1865  0.1206151     -2.5464017E-03
        1866  0.1220220     -2.4417653E-03
        1867  0.1233775     -2.4053953E-03
        1868  0.1234888     -2.3994737E-03
        1869  0.1232279     -2.3457541E-03
        1870  0.1239560     -2.2562414E-03
        1871  0.1253525     -2.1505356E-03
        1872  0.1265131     -2.0813623E-03
        1873  0.1260101     -2.1064784E-03
        1874  0.1243564     -2.1871354E-03
        1875  0.1240673     -2.2072585E-03
        1876  0.1255093     -2.1389755E-03
        1877  0.1270933     -2.0541991E-03
        1878  0.1270670     -2.0681433E-03
        1879  0.1247610     -2.1744373E-03
        1880  0.1232108     -2.2265480E-03
        1881  0.1231632     -2.2079446E-03
        1882  0.1226922     -2.2096389E-03
        1883  0.1212298     -2.2706506E-03
        1884  0.1207168     -2.2862612E-03
        1885  0.1211895     -2.2526004E-03
        1886  0.1217870     -2.2024126E-03
        1887  0.1221767     -2.1815898E-03
        1888  0.1221739     -2.2079952E-03
        1889  0.1219290     -2.2522188E-03
        1890  0.1224945     -2.1956409E-03
        1891  0.1240382     -2.1197628E-03
        1892  0.1255843     -2.0963789E-03
        1893  0.1263106     -2.1019890E-03
        1894  0.1254725     -2.1523533E-03
        1895  0.1231882     -2.2840148E-03
        1896  0.1220353     -2.3593009E-03
        1897  0.1220257     -2.3647954E-03
        1898  0.1217195     -2.3657070E-03
        1899  0.1214115     -2.3671200E-03
        1900  0.1219234     -2.3779550E-03
        1901  0.1234118     -2.2966301E-03
        1902  0.1236692     -2.2335004E-03
        1903  0.1232738     -2.1647974E-03
        1904  0.1231660     -2.1596039E-03
        1905  0.1238345     -2.1972770E-03
        1906  0.1249291     -2.1736620E-03
        1907  0.1257579     -2.1213491E-03
        1908  0.1260744     -2.0722190E-03
        1909  0.1257208     -2.0459828E-03
        1910  0.1242192     -2.1269727E-03
        1911  0.1223116     -2.2497887E-03
        1912  0.1208354     -2.3605975E-03
        1913  0.1206541     -2.3673684E-03
        1914  0.1223012     -2.2282666E-03
        1915  0.1244618     -2.0422309E-03
        1916  0.1255078     -1.9639167E-03
        1917  0.1252649     -1.9930813E-03
        1918  0.1259152     -1.9658671E-03
        1919  0.1284641     -1.8471796E-03
        1920  0.1301769     -1.7694143E-03
        1921  0.1285532     -1.8128122E-03
        1922  0.1264889     -1.8453712E-03
        1923  0.1258753     -1.8314648E-03
        1924  0.1262657     -1.7617916E-03
        1925  0.1268398     -1.7118488E-03
        1926  0.1279926     -1.6738613E-03
        1927  0.1287757     -1.6984548E-03
        1928  0.1278162     -1.7480962E-03
        1929  0.1267104     -1.7834512E-03
        1930  0.1265835     -1.7821844E-03
        1931  0.1264231     -1.8266788E-03
        1932  0.1259913     -1.9097928E-03
        1933  0.1251735     -1.9976676E-03
        1934  0.1239473     -2.0258406E-03
        1935  0.1231350     -1.9629819E-03
        1936  0.1230475     -1.8269339E-03
        1937  0.1239146     -1.7007621E-03
        1938  0.1253048     -1.6471746E-03
        1939  0.1262935     -1.6800497E-03
        1940  0.1275187     -1.6982014E-03
        1941  0.1282169     -1.6871196E-03
        1942  0.1278185     -1.6632729E-03
        1943  0.1274290     -1.5975639E-03
        1944  0.1270154     -1.5521677E-03
        1945  0.1262845     -1.5708914E-03
        1946  0.1256545     -1.6317583E-03
        1947  0.1253172     -1.6699295E-03
        1948  0.1256351     -1.6208921E-03
        1949  0.1266715     -1.5614113E-03
        1950  0.1277813     -1.5434473E-03
        1951  0.1279029     -1.5655810E-03
        1952  0.1277955     -1.6217947E-03
        1953  0.1287725     -1.6027035E-03
        1954  0.1296676     -1.5948502E-03
        1955  0.1288763     -1.6827489E-03
        1956  0.1272485     -1.7745169E-03
        1957  0.1270773     -1.7218605E-03
        1958  0.1281956     -1.5121583E-03
        1959  0.1275564     -1.4125279E-03
        1960  0.1269902     -1.4666637E-03
        1961  0.1279300     -1.4963674E-03
        1962  0.1285043     -1.5129176E-03
        1963  0.1287596     -1.5576007E-03
        1964  0.1298349     -1.5573550E-03
        1965  0.1301955     -1.5195811E-03
        1966  0.1295517     -1.4737536E-03
        1967  0.1290642     -1.4045548E-03
        1968  0.1292254     -1.3533650E-03
        1969  0.1294883     -1.3366278E-03
        1970  0.1278891     -1.4276988E-03
        1971  0.1261097     -1.4765579E-03
        1972  0.1261060     -1.4158739E-03
        1973  0.1265038     -1.3868541E-03
        1974  0.1268099     -1.4148174E-03
        1975  0.1271999     -1.3823693E-03
        1976  0.1273391     -1.2956614E-03
        1977  0.1278839     -1.2112519E-03
        1978  0.1294763     -1.0802773E-03
        1979  0.1320079     -8.7506801E-04
        1980  0.1331037     -7.5829559E-04
        1981  0.1315916     -8.6571294E-04
        1982  0.1293545     -1.0848922E-03
        1983  0.1285310     -1.1588718E-03
        1984  0.1285551     -1.1526297E-03
        1985  0.1285097     -1.1533682E-03
        1986  0.1282832     -1.1992693E-03
        1987  0.1285599     -1.2099238E-03
        1988  0.1292881     -1.1329998E-03
        1989  0.1298216     -1.0591621E-03
        1990  0.1308704     -9.5655734E-04
        1991  0.1309454     -9.5861306E-04
        1992  0.1293209     -1.1113347E-03
        1993  0.1269617     -1.2565359E-03
        1994  0.1269274     -1.2217452E-03
        1995  0.1288400     -1.0760126E-03
        1996  0.1304800     -9.7044418E-04
        1997  0.1302867     -1.0194323E-03
        1998  0.1297443     -1.0769794E-03
        1999  0.1303093     -1.0019911E-03
        2000  0.1304561     -9.1185689E-04
        2001  0.1286061     -9.5733016E-04
        2002  0.1265238     -1.0630923E-03
        2003  0.1262334     -1.0392487E-03
        2004  0.1277842     -9.5487694E-04
        2005  0.1299686     -9.4218651E-04
        2006  0.1317979     -9.2950033E-04
        2007  0.1323922     -8.9663808E-04
        2008  0.1322374     -8.4139669E-04
        2009  0.1319778     -7.9162366E-04
        2010  0.1315417     -7.6672068E-04
        2011  0.1317707     -6.6962192E-04
        2012  0.1321177     -6.1257638E-04
        2013  0.1322970     -6.2093587E-04
        2014  0.1320336     -6.4262777E-04
        2015  0.1316625     -6.7908654E-04
        2016  0.1318555     -6.6006224E-04
        2017  0.1326762     -6.4248993E-04
        2018  0.1336030     -6.5399427E-04
        2019  0.1334215     -7.0645387E-04
        2020  0.1318460     -7.9467561E-04
        2021  0.1308065     -8.2162925E-04
        2022  0.1311817     -7.7514775E-04
        2023  0.1313464     -7.5903593E-04
        2024  0.1301000     -8.2376332E-04
        2025  0.1286733     -8.4135920E-04
        2026  0.1280247     -8.3221792E-04
        2027  0.1282256     -7.5143029E-04
        2028  0.1295301     -6.3934730E-04
        2029  0.1306455     -5.6928658E-04
        2030  0.1314236     -5.3446041E-04
        2031  0.1329272     -4.6844044E-04
        2032  0.1337164     -4.7506587E-04
        2033  0.1347813     -4.4425455E-04
        2034  0.1370775     -3.3059673E-04
        2035  0.1372675     -3.4188834E-04
        2036  0.1341576     -5.1480340E-04
        2037  0.1321883     -5.6987238E-04
        2038  0.1328778     -4.1123317E-04
        2039  0.1338859     -2.7145952E-04
        2040  0.1338977     -2.2999542E-04
        2041  0.1317197     -3.5850654E-04
        2042  0.1294395     -5.0605618E-04
        2043  0.1287309     -5.3348270E-04
        2044  0.1297543     -4.7253422E-04
        2045  0.1314744     -4.6419594E-04
        2046  0.1329229     -4.4594260E-04
        2047  0.1340955     -3.2244486E-04
        2048  0.1339395     -2.5680676E-04
