           0  0.1990650     -8.3887942E-02
           1  0.2142861     -5.8813017E-02
           2  0.2393664     -1.7464727E-02
           3  0.2493137     -1.1019587E-03
           4  0.2498975     -1.6075022E-04
           5  0.2505206      8.4498094E-04
           6  0.2509843      1.6155450E-03
           7  0.2509914      1.6478830E-03
           8  0.2509298      1.5225156E-03
           9  0.2508377      1.3570229E-03
          10  0.2508186      1.3436463E-03
          11  0.2506670      1.1041031E-03
          12  0.2507025      1.1471080E-03
          13  0.2506496      1.0476751E-03
          14  0.2505730      9.3342416E-04
          15  0.2505956      9.8219491E-04
          16  0.2506451      1.0461982E-03
          17  0.2506022      9.6615980E-04
          18  0.2505312      8.6325739E-04
          19  0.2504839      7.9741998E-04
          20  0.2504200      6.8128260E-04
          21  0.2504272      6.7783473E-04
          22  0.2504807      7.7681820E-04
          23  0.2504937      8.0715178E-04
          24  0.2504469      7.2094594E-04
          25  0.2504886      7.8386400E-04
          26  0.2504688      7.5419067E-04
          27  0.2503412      5.4712425E-04
          28  0.2503761      6.0202659E-04
          29  0.2503991      6.3668290E-04
          30  0.2503221      5.1297393E-04
          31  0.2504268      6.9061067E-04
          32  0.2503101      4.9015431E-04
          33  0.2503712      5.8657408E-04
          34  0.2502503      3.9377436E-04
          35  0.2502531      4.0501662E-04
          36  0.2502732      4.3583050E-04
          37  0.2503351      5.3330610E-04
          38  0.2503209      5.0966570E-04
          39  0.2503507      5.5914029E-04
          40  0.2502792      4.4074841E-04
          41  0.2502706      4.3098317E-04
          42  0.2502520      3.9686330E-04
          43  0.2501985      3.1178218E-04
          44  0.2502477      3.9401688E-04
          45  0.2502014      3.1579618E-04
          46  0.2501512      2.2631662E-04
          47  0.2503061      4.8291867E-04
          48  0.2503137      4.9130066E-04
          49  0.2502918      4.5894619E-04
          50  0.2502663      4.1378423E-04
          51  0.2502172      3.3187322E-04
          52  0.2501951      2.9639553E-04
          53  0.2501754      2.6324057E-04
          54  0.2501661      2.5401040E-04
          55  0.2501970      2.9502893E-04
          56  0.2502317      3.5119164E-04
          57  0.2502397      3.7026586E-04
          58  0.2501721      2.6687348E-04
          59  0.2501346      2.0261644E-04
          60  0.2502315      3.5791422E-04
          61  0.2502446      3.8016625E-04
          62  0.2502181      3.3550028E-04
          63  0.2502250      3.4715430E-04
          64  0.2500941      1.3301834E-04
          65  0.2501765      2.7072601E-04
          66  0.2502142      3.3234447E-04
          67  0.2501059      1.5199611E-04
          68  0.2501315      1.9280973E-04
          69  0.2502323      3.6284086E-04
          70  0.2502283      3.5311704E-04
          71  0.2502455      3.7470282E-04
          72  0.2502165      3.3091320E-04
          73  0.2501723      2.5931987E-04
          74  0.2502969      4.6997701E-04
          75  0.2501425      2.1014828E-04
          76  0.2501197      1.7172274E-04
          77  0.2501550      2.2963640E-04
          78  0.2501312      1.9004417E-04
          79  0.2502207      3.3089466E-04
          80  0.2501596      2.3244259E-04
          81  0.2501904      2.8512991E-04
          82  0.2501881      2.7938676E-04
          83  0.2502328      3.5174773E-04
          84  0.2502674      4.0009464E-04
          85  0.2502490      3.7297118E-04
          86  0.2501633      2.3348561E-04
          87  0.2500979      1.2325498E-04
          88  0.2501048      1.3761832E-04
          89  0.2501736      2.5282503E-04
          90  0.2502144      3.0996909E-04
          91  0.2501084      1.4038690E-04
          92  0.2501335      1.8356634E-04
          93  0.2501919      2.7949768E-04
          94  0.2499961     -4.5241883E-05
          95  0.2500979      1.1630668E-04
          96  0.2502234      3.2972146E-04
          97  0.2500974      1.2451786E-04
          98  0.2501987      2.8793953E-04
          99  0.2503014      4.5456309E-04
         100  0.2501918      2.7728730E-04
         101  0.2501487      2.0514068E-04
         102  0.2501579      2.2006380E-04
         103  0.2500646      6.6288048E-05
         104  0.2501242      1.6622517E-04
         105  0.2500494      4.1168591E-05
         106  0.2500450      3.1989402E-05
         107  0.2501460      1.9799288E-04
         108  0.2501384      1.8168455E-04
         109  0.2502749      4.1133881E-04
         110  0.2502405      3.5529974E-04
         111  0.2502318      3.4531983E-04
         112  0.2501315      1.7502050E-04
         113  0.2501729      2.4225093E-04
         114  0.2500035     -3.2544027E-05
         115  0.2500168     -7.1965374E-06
         116  0.2501293      1.7378676E-04
         117  0.2502516      3.7588881E-04
         118  0.2501752      2.5106670E-04
         119  0.2500522      4.6244440E-05
         120  0.2500721      8.1755934E-05
         121  0.2501248      1.7258302E-04
         122  0.2500716      7.9952013E-05
         123  0.2502102      3.1076025E-04
         124  0.2500520      5.0651845E-05
         125  0.2501075      1.3864957E-04
         126  0.2501275      1.7563307E-04
         127  0.2501189      1.5984787E-04
         128  0.2500677      8.0722690E-05
         129  0.2501083      1.4574338E-04
         130  0.2501706      2.4763372E-04
         131  0.2501424      1.9910022E-04
         132  0.2500831      1.0232563E-04
         133  0.2501310      1.8464902E-04
         134  0.2499864     -5.2662166E-05
         135  0.2500853      1.1097479E-04
         136  0.2500754      9.5884672E-05
         137  0.2500636      6.4481232E-05
         138  0.2500419      3.8403861E-05
         139  0.2500659      7.4618911E-05
         140  0.2501227      1.7539252E-04
         141  0.2500926      1.1633828E-04
         142  0.2501314      1.8684610E-04
         143  0.2502015      2.9697522E-04
         144  0.2501508      2.1172130E-04
         145  0.2500457      4.0492476E-05
         146  0.2500730      8.6365173E-05
         147  0.2500915      1.1078538E-04
         148  0.2500844      9.8999575E-05
         149  0.2500172     -1.0127276E-05
         150  0.2500400      3.0291167E-05
         151  0.2501642      2.3061843E-04
         152  0.2502496      3.7410762E-04
         153  0.2501557      2.1809623E-04
         154  0.2500829      9.7803844E-05
         155  0.2501819      2.6593797E-04
         156  0.2500378      2.4396812E-05
         157  0.2501017      1.3524221E-04
         158  0.2501170      1.5753300E-04
         159  0.2501365      1.7999008E-04
         160  0.2501534      2.1635716E-04
         161  0.2501337      1.8505573E-04
         162  0.2500349      1.8081666E-05
         163  0.2501000      1.2733832E-04
         164  0.2501187      1.5482891E-04
         165  0.2501023      1.2928127E-04
         166  0.2501096      1.4143766E-04
         167  0.2500500      4.3812022E-05
         168  0.2500371      2.4842930E-05
         169  0.2501387      1.9186658E-04
         170  0.2500369      2.1665941E-05
         171  0.2500865      9.9686324E-05
         172  0.2501329      1.7812281E-04
         173  0.2501538      2.0815319E-04
         174  0.2501053      1.2982155E-04
         175  0.2500663      6.5574910E-05
         176  0.2499363     -1.4864439E-04
         177  0.2501652      2.2575721E-04
         178  0.2500966      1.1310649E-04
         179  0.2501265      1.6731792E-04
         180  0.2501501      2.0370225E-04
         181  0.2501236      1.6048636E-04
         182  0.2500575      5.2027463E-05
         183  0.2500466      3.2671778E-05
         184  0.2501340      1.8128558E-04
         185  0.2501510      2.0511565E-04
         186  0.2500125     -2.3386188E-05
         187  0.2500514      4.6050834E-05
         188  0.2500455      3.4877034E-05
         189  0.2500015     -4.0798343E-05
         190  0.2500052     -3.7010526E-05
         191  0.2500586      5.1765383E-05
         192  0.2500815      9.3074537E-05
         193  0.2500078     -3.3789711E-05
         194  0.2500181     -1.7016788E-05
         195  0.2500395      2.4679464E-05
         196  0.2501096      1.3361672E-04
         197  0.2500841      9.3781928E-05
         198  0.2501053      1.2689720E-04
         199  0.2500903      9.8299410E-05
         200  0.2500939      1.0267668E-04
         201  0.2500750      6.8019399E-05
         202  0.2500496      2.9113837E-05
         203  0.2501285      1.6083484E-04
         204  0.2500698      6.9680915E-05
         205  0.2501219      1.5555255E-04
         206  0.2500206     -1.2012735E-05
         207  0.2500011     -4.9098740E-05
         208  0.2500392      1.4174208E-05
         209  0.2499707     -1.0163885E-04
         210  0.2500719      6.5237080E-05
         211  0.2501151      1.3336974E-04
         212  0.2501309      1.5735369E-04
         213  0.2501262      1.5346144E-04
         214  0.2501252      1.4873098E-04
         215  0.2502378      3.3352827E-04
         216  0.2500762      7.0160357E-05
         217  0.2500250     -1.3927174E-05
         218  0.2500413      1.3587994E-05
         219  0.2500915      9.6041891E-05
         220  0.2500650      4.7541351E-05
         221  0.2501221      1.4238099E-04
         222  0.2500781      7.2033428E-05
         223  0.2500400      6.5340414E-06
         224  0.2500661      4.7477562E-05
         225  0.2500509      2.8587379E-05
         226  0.2500323     -6.0111661E-06
         227  0.2501165      1.2668171E-04
         228  0.2501233      1.4435090E-04
         229  0.2501822      2.4612781E-04
         230  0.2501114      1.2333518E-04
         231  0.2501006      1.0364046E-04
         232  0.2500414      9.2433766E-06
         233  0.2500166     -3.7749971E-05
         234  0.2500463      9.2452538E-06
         235  0.2501245      1.4007655E-04
         236  0.2500608      3.8502676E-05
         237  0.2500996      1.0046871E-04
         238  0.2500708      5.5414323E-05
         239  0.2500398      5.7105631E-06
         240  0.2499783     -9.7838500E-05
         241  0.2500637      3.7142199E-05
         242  0.2501487      1.8272201E-04
         243  0.2501307      1.5524297E-04
         244  0.2500553      2.6746759E-05
         245  0.2500384     -3.7328384E-06
         246  0.2501312      1.4579561E-04
         247  0.2500100     -5.2397048E-05
         248  0.2500926      8.8624845E-05
         249  0.2499787     -1.0600482E-04
         250  0.2500391     -5.5018913E-06
         251  0.2500624      3.4220720E-05
         252  0.2500978      8.9141598E-05
         253  0.2501265      1.3006675E-04
         254  0.2501405      1.5909069E-04
         255  0.2500859      6.4618464E-05
         256  0.2500854      6.4737964E-05
         257  0.2500262     -3.3380689E-05
         258  0.2501714      2.0682895E-04
         259  0.2501389      1.4937557E-04
         260  0.2500573      1.5475749E-05
         261  0.2501827      2.1986845E-04
         262  0.2500583      2.0017726E-05
         263  0.2501250      1.3072758E-04
         264  0.2500251     -4.4256962E-05
         265  0.2500240     -4.2535521E-05
         266  0.2499771     -1.1786464E-04
         267  0.2499634     -1.3744703E-04
         268  0.2500872      6.2954270E-05
         269  0.2500973      7.5992233E-05
         270  0.2500818      5.3980220E-05
         271  0.2502314      2.9845865E-04
         272  0.2499939     -9.3891998E-05
         273  0.2500031     -6.8418733E-05
         274  0.2500150     -5.6161603E-05
         275  0.2499793     -1.2056138E-04
         276  0.2500494     -1.7182213E-06
         277  0.2500955      7.3524767E-05
         278  0.2499697     -1.3586992E-04
         279  0.2499886     -1.0928034E-04
         280  0.2499558     -1.6050773E-04
         281  0.2500938      6.4681073E-05
         282  0.2500338     -3.3735992E-05
         283  0.2501033      7.7419732E-05
         284  0.2501487      1.5308676E-04
         285  0.2502549      3.2440832E-04
         286  0.2501739      1.9667471E-04
         287  0.2500836      4.7821824E-05
         288  0.2502287      2.8635931E-04
         289  0.2501406      1.3123707E-04
         290  0.2500114     -8.1402133E-05
         291  0.2500335     -3.6598482E-05
         292  0.2500446     -2.3205313E-05
         293  0.2500742      1.8831184E-05
         294  0.2500848      4.1423948E-05
         295  0.2499918     -1.0375456E-04
         296  0.2500556     -7.1318686E-06
         297  0.2502038      2.3723608E-04
         298  0.2501406      1.3111941E-04
         299  0.2501484      1.4578037E-04
         300  0.2501645      1.6904633E-04
         301  0.2500424     -2.7988803E-05
         302  0.2500872      4.4237477E-05
         303  0.2499977     -1.0113092E-04
         304  0.2500391     -3.3450189E-05
         305  0.2501440      1.3356327E-04
         306  0.2501464      1.3620679E-04
         307  0.2501997      2.2516548E-04
         308  0.2501618      1.6129082E-04
         309  0.2500367     -4.5086577E-05
         310  0.2500744      1.8242634E-05
         311  0.2501616      1.6045678E-04
         312  0.2502103      2.3990932E-04
         313  0.2501186      8.8737579E-05
         314  0.2501496      1.4331441E-04
         315  0.2500955      5.9275179E-05
         316  0.2501216      9.7458556E-05
         317  0.2500390     -4.0369669E-05
         318  0.2501041      7.1664552E-05
         319  0.2500562     -6.7556475E-06
         320  0.2501244      1.0688759E-04
         321  0.2499594     -1.7078928E-04
         322  0.2500795      2.9776123E-05
         323  0.2500052     -9.1244430E-05
         324  0.2501190      9.5924086E-05
         325  0.2500494     -1.8431985E-05
         326  0.2500466     -2.4311146E-05
         327  0.2500771      2.6165555E-05
         328  0.2501201      9.9300509E-05
         329  0.2501322      1.1174411E-04
         330  0.2501185      8.9208341E-05
         331  0.2501843      2.0338609E-04
         332  0.2500549     -1.3254456E-05
         333  0.2500961      5.2868065E-05
         334  0.2501505      1.4220069E-04
         335  0.2501662      1.6841727E-04
         336  0.2500868      3.9967854E-05
         337  0.2501490      1.4494336E-04
         338  0.2500687      1.3452076E-05
         339  0.2501078      7.8331715E-05
         340  0.2500111     -8.3933221E-05
         341  0.2500342     -4.5113095E-05
         342  0.2500543     -1.1271659E-05
         343  0.2500670      1.4339782E-05
         344  0.2501236      1.0772795E-04
         345  0.2500718      1.5566076E-05
         346  0.2500595     -7.7085851E-06
         347  0.2500102     -8.8327062E-05
         348  0.2500477     -2.4880019E-05
         349  0.2500936      4.9568385E-05
         350  0.2501164      8.6066881E-05
         351  0.2501826      1.9590148E-04
         352  0.2500923      4.9466140E-05
         353  0.2501194      9.2846334E-05
         354  0.2501531      1.4954581E-04
         355  0.2500719      2.0095578E-05
         356  0.2500736      2.0227544E-05
         357  0.2500849      3.2773518E-05
         358  0.2500548     -1.1768892E-05
         359  0.2500676      7.6354172E-06
         360  0.2500874      3.8634978E-05
         361  0.2500675      6.2623762E-06
         362  0.2500706      7.2688645E-06
         363  0.2502244      2.5803069E-04
         364  0.2500877      3.9392926E-05
         365  0.2499745     -1.5362864E-04
         366  0.2501223      9.2687762E-05
         367  0.2501530      1.4544114E-04
         368  0.2500605     -1.2658081E-05
         369  0.2501852      1.9440023E-04
         370  0.2501029      5.9047801E-05
         371  0.2501476      1.2635907E-04
         372  0.2500781      1.3658940E-05
         373  0.2501677      1.6496683E-04
         374  0.2500583     -1.9753756E-05
         375  0.2500230     -7.6342498E-05
         376  0.2499819     -1.4564816E-04
         377  0.2500852      2.4491430E-05
         378  0.2500699     -2.7605424E-06
         379  0.2500952      4.4346303E-05
         380  0.2500535     -2.3514835E-05
         381  0.2501500      1.3268938E-04
         382  0.2500646     -8.6532109E-06
         383  0.2501485      1.2994173E-04
         384  0.2501222      8.1625942E-05
         385  0.2501490      1.3082023E-04
         386  0.2500811      1.1292245E-05
         387  0.2501033      5.0899464E-05
         388  0.2500801      1.5659623E-05
         389  0.2500410     -5.3563894E-05
         390  0.2500557     -3.0618514E-05
         391  0.2500726     -2.0886582E-06
         392  0.2501293      9.0211528E-05
         393  0.2501355      9.9426128E-05
         394  0.2501319      9.3886381E-05
         395  0.2501368      9.5764735E-05
         396  0.2500436     -5.6103414E-05
         397  0.2500606     -2.1875832E-05
         398  0.2499650     -1.8571572E-04
         399  0.2501718      1.5025715E-04
         400  0.2501089      4.8449838E-05
         401  0.2500974      2.7034095E-05
         402  0.2500983      2.8602877E-05
         403  0.2500691     -2.0080557E-05
         404  0.2499835     -1.5264776E-04
         405  0.2501396      1.0593313E-04
         406  0.2500747     -3.7768430E-06
         407  0.2500944      2.5529225E-05
         408  0.2501172      6.9529109E-05
         409  0.2501786      1.7777355E-04
         410  0.2501611      1.3616480E-04
         411  0.2500860      8.4111667E-07
         412  0.2501166      6.4047897E-05
         413  0.2501428      1.0749054E-04
         414  0.2501806      1.6712678E-04
         415  0.2501937      1.7959265E-04
         416  0.2500526     -4.5552319E-05
         417  0.2501099      4.2657652E-05
         418  0.2500703     -2.1854488E-05
         419  0.2500088     -1.2434045E-04
         420  0.2500903      8.0599903E-06
         421  0.2500952      1.9349349E-05
         422  0.2500601     -4.2358257E-05
         423  0.2500783     -9.1641714E-06
         424  0.2501368      8.1610997E-05
         425  0.2500899      3.9965521E-06
         426  0.2501343      6.9146321E-05
         427  0.2500846     -9.2278287E-06
         428  0.2501335      7.4340634E-05
         429  0.2500786     -2.1591664E-05
         430  0.2500840     -7.8669982E-06
         431  0.2501251      5.8070815E-05
         432  0.2500193     -1.1024944E-04
         433  0.2500322     -9.1596929E-05
         434  0.2500285     -9.8797012E-05
         435  0.2502013      1.8282568E-04
         436  0.2501392      8.2385282E-05
         437  0.2499788     -1.7696693E-04
         438  0.2501161      4.2314361E-05
         439  0.2502030      1.9078363E-04
         440  0.2501966      1.8115282E-04
         441  0.2500377     -8.1849699E-05
         442  0.2501180      5.4315195E-05
         443  0.2501956      1.7770675E-04
         444  0.2500807     -1.0958044E-05
         445  0.2500489     -6.4594817E-05
         446  0.2500587     -4.3643027E-05
         447  0.2500663     -3.3815315E-05
         448  0.2501035      2.5675030E-05
         449  0.2500163     -1.1415788E-04
         450  0.2499840     -1.6184020E-04
         451  0.2500949      1.6131167E-05
         452  0.2501275      6.6208901E-05
         453  0.2501553      1.0792808E-04
         454  0.2500176     -1.1541735E-04
         455  0.2501347      9.3528310E-05
         456  0.2501642      1.3189281E-04
         457  0.2500434     -7.4828706E-05
         458  0.2500845     -4.9116688E-06
         459  0.2500819     -5.1752468E-06
         460  0.2501326      7.7512079E-05
         461  0.2500897      8.4028552E-06
         462  0.2500679     -2.3262492E-05
         463  0.2500933      1.7213595E-05
         464  0.2500763     -1.0363350E-05
         465  0.2501898      1.7490047E-04
         466  0.2501489      1.0750961E-04
         467  0.2501451      1.0070055E-04
         468  0.2502202      2.2648233E-04
         469  0.2501518      1.1696682E-04
         470  0.2500398     -6.8324924E-05
         471  0.2500962      2.5616315E-05
         472  0.2500725     -8.6376767E-06
         473  0.2501288      9.0372225E-05
         474  0.2500588     -3.1600150E-05
         475  0.2501155      6.6070934E-05
         476  0.2502303      2.5245905E-04
         477  0.2501661      1.5111030E-04
         478  0.2500616     -1.9414283E-05
         479  0.2499762     -1.5889274E-04
         480  0.2499683     -1.7431579E-04
         481  0.2500372     -6.4851571E-05
         482  0.2500437     -5.5754939E-05
         483  0.2501668      1.4803694E-04
         484  0.2500754     -9.4238276E-06
         485  0.2501671      1.4249534E-04
         486  0.2501693      1.5140300E-04
         487  0.2501377      9.3517541E-05
         488  0.2501995      1.9553349E-04
         489  0.2500674     -2.3363711E-05
         490  0.2500637     -3.5228826E-05
         491  0.2501041      3.3212862E-05
         492  0.2500873      6.6000784E-06
         493  0.2500207     -1.0664235E-04
         494  0.2500468     -6.1183775E-05
         495  0.2500200     -1.1072898E-04
         496  0.2500644     -3.5059893E-05
         497  0.2500844     -4.3495911E-06
         498  0.2500059     -1.3426981E-04
         499  0.2501032      3.2354448E-05
         500  0.2501056      3.4557823E-05
         501  0.2500294     -8.9381167E-05
         502  0.2500512     -6.0912243E-05
         503  0.2500574     -4.5098288E-05
         504  0.2501505      1.0701139E-04
         505  0.2500411     -7.7560479E-05
         506  0.2500812     -5.1210468E-06
         507  0.2501229      6.3985164E-05
         508  0.2500667     -3.4253633E-05
         509  0.2501006      2.9863460E-05
         510  0.2501138      5.1198487E-05
         511  0.2501372      8.5509186E-05
         512  0.2501290      7.3188152E-05
         513  0.2501149      4.9741415E-05
         514  0.2499972     -1.4768874E-04
         515  0.2500726     -1.7452256E-05
         516  0.2500089     -1.2475644E-04
         517  0.2500443     -6.6858680E-05
         518  0.2500662     -2.9621282E-05
         519  0.2500480     -5.6272143E-05
         520  0.2501010      2.6207941E-05
         521  0.2501011      3.8092530E-05
         522  0.2501070      4.0343719E-05
         523  0.2501059      3.8687049E-05
         524  0.2501068      4.3492339E-05
         525  0.2501412      9.9862809E-05
         526  0.2500751     -1.6655644E-05
         527  0.2502199      2.2804146E-04
         528  0.2501948      1.8479342E-04
         529  0.2500445     -6.5304601E-05
         530  0.2501323      7.3771182E-05
         531  0.2501669      1.2937022E-04
         532  0.2501718      1.3302102E-04
         533  0.2500723     -2.4121864E-05
         534  0.2501345      7.4651500E-05
         535  0.2501615      1.1801442E-04
         536  0.2501420      8.5770283E-05
         537  0.2501610      1.1822390E-04
         538  0.2500268     -1.0163262E-04
         539  0.2500808     -1.1218741E-05
         540  0.2500821     -1.2519666E-05
         541  0.2500618     -4.8193400E-05
         542  0.2501242      5.7720365E-05
         543  0.2501942      1.7285242E-04
         544  0.2501712      1.4015034E-04
         545  0.2500938      1.7662402E-05
         546  0.2502056      2.0413080E-04
         547  0.2500941      1.3115753E-05
         548  0.2501070      3.8712325E-05
         549  0.2500790     -1.0418570E-05
         550  0.2501391      9.0702713E-05
         551  0.2501892      1.7135419E-04
         552  0.2500221     -1.0234577E-04
         553  0.2501602      1.2342082E-04
         554  0.2501482      1.0035841E-04
         555  0.2500985      1.7967441E-05
         556  0.2500207     -1.0767503E-04
         557  0.2500830     -1.2362990E-05
         558  0.2501301      7.0757058E-05
         559  0.2500658     -3.3029133E-05
         560  0.2501107      3.5957295E-05
         561  0.2501011      1.7157943E-05
         562  0.2500586     -5.0898256E-05
         563  0.2501161      4.4309825E-05
         564  0.2500372     -8.7312983E-05
         565  0.2501561      1.0545411E-04
         566  0.2501600      1.1207947E-04
         567  0.2500678     -3.7569909E-05
         568  0.2500967      9.7749435E-06
         569  0.2501434      8.4967229E-05
         570  0.2501202      4.5934277E-05
         571  0.2500480     -7.4339921E-05
         572  0.2501214      4.9211034E-05
         573  0.2501517      9.7955155E-05
         574  0.2501719      1.2854436E-04
         575  0.2501407      7.3827840E-05
         576  0.2502528      2.5942622E-04
         577  0.2501193      3.5911282E-05
         578  0.2500557     -6.7851492E-05
         579  0.2500454     -8.3872197E-05
         580  0.2500156     -1.3469007E-04
         581  0.2501204      3.9347546E-05
         582  0.2502300      2.1797488E-04
         583  0.2501591      9.1267408E-05
         584  0.2500547     -7.0169350E-05
         585  0.2501690      1.2263702E-04
         586  0.2501307      5.0934930E-05
         587  0.2500621     -6.2813750E-05
         588  0.2501684      1.2059377E-04
         589  0.2501942      1.6865418E-04
         590  0.2500775     -3.2398570E-05
         591  0.2500986      5.6796707E-06
         592  0.2501374      6.6607354E-05
         593  0.2500315     -9.8894954E-05
         594  0.2500516     -6.6729568E-05
         595  0.2499348     -2.6198407E-04
         596  0.2501223      5.0285336E-05
         597  0.2500804     -2.2162951E-05
         598  0.2501284      5.8579888E-05
         599  0.2500338     -1.0578581E-04
         600  0.2500381     -9.0688314E-05
         601  0.2501638      1.1485968E-04
         602  0.2501912      1.5570833E-04
         603  0.2501616      1.0614323E-04
         604  0.2501195      4.3179465E-05
         605  0.2500952     -6.4442293E-06
         606  0.2501249      4.4881883E-05
         607  0.2501937      1.5473623E-04
         608  0.2500511     -7.3229421E-05
         609  0.2499968     -1.6124881E-04
         610  0.2500370     -1.0231223E-04
         611  0.2501134      1.7758646E-05
         612  0.2501399      6.6164990E-05
         613  0.2501266      4.5490426E-05
         614  0.2501474      7.9673599E-05
         615  0.2501679      1.1333254E-04
         616  0.2500572     -6.9946087E-05
         617  0.2500672     -5.4599335E-05
         618  0.2500795     -3.4669643E-05
         619  0.2500513     -8.3820705E-05
         620  0.2500806     -3.7317328E-05
         621  0.2501392      5.6547062E-05
         622  0.2500357     -1.0572728E-04
         623  0.2500132     -1.4555462E-04
         624  0.2500889     -2.5273019E-05
         625  0.2500604     -6.7997622E-05
         626  0.2499933     -1.7753632E-04
         627  0.2499262     -2.9638797E-04
         628  0.2499882     -1.8543277E-04
         629  0.2500981     -1.1178751E-05
         630  0.2501679      1.1353403E-04
         631  0.2502163      1.9027358E-04
         632  0.2501456      7.3057476E-05
         633  0.2502000      1.5911282E-04
         634  0.2501753      1.1893925E-04
         635  0.2501262      4.2884174E-05
         636  0.2500980      2.7795843E-07
         637  0.2501939      1.5501508E-04
         638  0.2502339      2.2864748E-04
         639  0.2500335     -1.0431048E-04
         640  0.2500602     -5.8984995E-05
         641  0.2501143      3.3658533E-05
         642  0.2501001      6.6482689E-06
         643  0.2501459      8.0940903E-05
         644  0.2501931      1.5748628E-04
         645  0.2500760     -3.8774811E-05
         646  0.2500933     -7.9583924E-06
         647  0.2500543     -7.7734374E-05
         648  0.2500175     -1.3868332E-04
         649  0.2500973     -8.7295784E-06
         650  0.2500927     -2.0018004E-05
         651  0.2502037      1.6275917E-04
         652  0.2502045      1.6545350E-04
         653  0.2501542      8.8839697E-05
         654  0.2501337      4.5809884E-05
         655  0.2501594      9.0644186E-05
         656  0.2501636      9.7237993E-05
         657  0.2501146      2.4840590E-05
         658  0.2500961     -1.0239200E-05
         659  0.2501341      5.3866010E-05
         660  0.2501093      1.3816099E-05
         661  0.2501159      2.4220946E-05
         662  0.2501933      1.5299565E-04
         663  0.2501222      3.9912491E-05
         664  0.2500973     -7.0487222E-06
         665  0.2502026      1.6984415E-04
         666  0.2500429     -9.5905350E-05
         667  0.2501440      6.5782799E-05
         668  0.2502057      1.7600310E-04
         669  0.2500516     -8.0399761E-05
         670  0.2501810      1.3244410E-04
         671  0.2500808     -3.6801903E-05
         672  0.2500405     -1.0472268E-04
         673  0.2500302     -1.2021048E-04
         674  0.2501999      1.5785596E-04
         675  0.2501068      7.6425140E-06
         676  0.2501355      4.8909886E-05
         677  0.2501180      9.7585826E-06
         678  0.2501585      8.2161139E-05
         679  0.2501360      5.6456727E-05
         680  0.2501273      2.5608435E-05
         681  0.2501467      4.2802636E-05
         682  0.2501314      4.0981606E-05
         683  0.2500467     -8.7182663E-05
         684  0.2500246     -1.4327056E-04
         685  0.2501667      7.1954237E-05
         686  0.2502129      1.6534841E-04
         687  0.2501183      2.7989152E-05
         688  0.2501605      8.0386395E-05
         689  0.2502136      1.5425104E-04
         690  0.2502620      2.4496773E-04
         691  0.2502705      2.6659694E-04
         692  0.2502365      2.0213159E-04
         693  0.2500798     -5.7723624E-05
         694  0.2500263     -1.4162606E-04
         695  0.2500677     -7.8606463E-05
         696  0.2501538      6.5278662E-05
         697  0.2501219      4.8109519E-06
         698  0.2501687      8.7921937E-05
         699  0.2501894      1.2241014E-04
         700  0.2502171      1.6697343E-04
         701  0.2501661      8.5128762E-05
         702  0.2501017     -2.1417198E-05
         703  0.2500922     -3.6733632E-05
         704  0.2501746      9.3064918E-05
         705  0.2501380      3.7038953E-05
         706  0.2501610      6.7022993E-05
         707  0.2501985      1.3090113E-04
         708  0.2500454     -1.1723799E-04
         709  0.2500888     -4.8201386E-05
         710  0.2500550     -1.0171660E-04
         711  0.2500494     -1.1576026E-04
         712  0.2501264      9.8428163E-06
         713  0.2500768     -7.4941818E-05
         714  0.2500983     -4.9138464E-05
         715  0.2502128      1.4355798E-04
         716  0.2501176     -1.6599612E-05
         717  0.2501026     -3.8700276E-05
         718  0.2502206      1.4982729E-04
         719  0.2501032     -4.4723867E-05
         720  0.2502228      1.5435449E-04
         721  0.2501226     -8.3430969E-06
         722  0.2501160     -2.3025686E-05
         723  0.2500809     -7.5262091E-05
         724  0.2501908      1.0369886E-04
         725  0.2501718      7.2213857E-05
         726  0.2502314      1.6776312E-04
         727  0.2501408      1.7285269E-05
         728  0.2501477      3.1173284E-05
         729  0.2502030      1.1657981E-04
         730  0.2501838      8.6933549E-05
         731  0.2500839     -7.2473893E-05
         732  0.2500750     -9.0195026E-05
         733  0.2501092     -2.9924708E-05
         734  0.2501690      6.7612134E-05
         735  0.2501074     -3.5493682E-05
         736  0.2500681     -1.0553196E-04
         737  0.2500924     -6.4528555E-05
         738  0.2502734      2.3203115E-04
         739  0.2501984      1.0628621E-04
         740  0.2501256     -9.6401145E-06
         741  0.2502455      1.8817217E-04
         742  0.2501197     -2.2290145E-05
         743  0.2502537      2.0216792E-04
         744  0.2503175      3.0541790E-04
         745  0.2501641      5.8357244E-05
         746  0.2501156     -2.1663413E-05
         747  0.2500403     -1.4580826E-04
         748  0.2499950     -2.2373770E-04
         749  0.2500907     -6.7189547E-05
         750  0.2502790      2.4627740E-04
         751  0.2502431      1.8761163E-04
         752  0.2501456      2.8041206E-05
         753  0.2501536      4.0307634E-05
         754  0.2501872      9.7527562E-05
         755  0.2499847     -2.3260045E-04
         756  0.2500579     -1.2204472E-04
         757  0.2500724     -9.4963609E-05
         758  0.2500220     -1.7369144E-04
         759  0.2500679     -9.9591205E-05
         760  0.2500851     -6.9759837E-05
         761  0.2501561      3.8982678E-05
         762  0.2501913      9.6007461E-05
         763  0.2501020     -4.1785741E-05
         764  0.2501937      1.0738268E-04
         765  0.2501256     -6.0412704E-06
         766  0.2501582      5.0101040E-05
         767  0.2501599      4.8326823E-05
         768  0.2500997     -5.2980187E-05
         769  0.2501135     -3.2168064E-05
         770  0.2501307     -1.2127961E-07
         771  0.2503133      2.9359391E-04
         772  0.2502201      1.4096148E-04
         773  0.2501260     -1.7645125E-05
         774  0.2502395      1.6845528E-04
         775  0.2501613      4.2250533E-05
         776  0.2501381      4.6717463E-07
         777  0.2501264     -1.6232050E-05
         778  0.2502575      1.9801923E-04
         779  0.2500575     -1.2979856E-04
         780  0.2500745     -1.0329617E-04
         781  0.2500456     -1.5492477E-04
         782  0.2500080     -2.0921770E-04
         783  0.2502118      1.2411768E-04
         784  0.2501830      7.5435193E-05
         785  0.2501928      9.2727547E-05
         786  0.2501158     -3.4583776E-05
         787  0.2501267     -1.8339098E-05
         788  0.2501160     -3.5111232E-05
         789  0.2501826      7.9098085E-05
         790  0.2501912      9.6703596E-05
         791  0.2500829     -7.7334407E-05
         792  0.2501021     -5.1830993E-05
         793  0.2501644      4.4225009E-05
         794  0.2501061     -5.1400315E-05
         795  0.2502092      1.1722734E-04
         796  0.2502121      1.2088284E-04
         797  0.2502316      1.5743832E-04
         798  0.2501548      2.9501474E-05
         799  0.2501825      7.7584700E-05
         800  0.2502310      1.5452948E-04
         801  0.2502177      1.2726188E-04
         802  0.2501365     -5.6932554E-06
         803  0.2501869      7.9158184E-05
         804  0.2501249     -1.8032011E-05
         805  0.2501289     -1.0810356E-05
         806  0.2501065     -4.8775222E-05
         807  0.2502376      1.6664733E-04
         808  0.2502148      1.3362286E-04
         809  0.2501979      1.0379904E-04
         810  0.2501002     -5.6741614E-05
         811  0.2502315      1.6316996E-04
         812  0.2500375     -1.5766347E-04
         813  0.2501524      3.0623614E-05
         814  0.2500457     -1.4364408E-04
         815  0.2501070     -3.6571390E-05
         816  0.2501244     -7.1005752E-06
         817  0.2501416     -2.7929420E-06
         818  0.2500421     -1.4827836E-04
         819  0.2501444      4.2874646E-05
         820  0.2502592      2.1568847E-04
         821  0.2502398      1.6494232E-04
         822  0.2501200     -1.1477432E-05
         823  0.2501271      8.0115387E-06
         824  0.2500751     -8.4145737E-05
         825  0.2500753     -8.2255297E-05
         826  0.2500371     -1.4300314E-04
         827  0.2502167      1.4895569E-04
         828  0.2502020      1.2288065E-04
         829  0.2501475      3.3737484E-05
         830  0.2501515      4.2035183E-05
         831  0.2501366      1.8831344E-05
         832  0.2501594      5.6699788E-05
         833  0.2501643      6.3483218E-05
         834  0.2500950     -5.1404411E-05
         835  0.2501128     -1.8541705E-05
         836  0.2500778     -8.1183207E-05
         837  0.2501326      8.2731713E-06
         838  0.2500349     -1.5583463E-04
         839  0.2500210     -1.7332572E-04
         840  0.2500499     -1.2648203E-04
         841  0.2500575     -1.1682700E-04
         842  0.2501374      1.9412517E-05
         843  0.2500388     -1.5485371E-04
         844  0.2500919     -6.1520346E-05
         845  0.2501871      9.6967779E-05
         846  0.2501336      1.1349082E-05
         847  0.2502907      2.6594495E-04
         848  0.2501609      5.7084795E-05
         849  0.2501199     -6.8074073E-06
         850  0.2501114     -2.7957711E-05
         851  0.2501306      1.2203544E-05
         852  0.2501466      4.0389881E-05
         853  0.2500217     -1.6704740E-04
         854  0.2501291      1.1781401E-05
         855  0.2500952     -5.5018445E-05
         856  0.2501696      6.9960668E-05
         857  0.2501699      7.2556468E-05
         858  0.2501738      7.5561511E-05
         859  0.2501385      1.1510566E-05
         860  0.2501578      4.4576307E-05
         861  0.2501369      1.5193345E-05
         862  0.2500197     -1.7314478E-04
         863  0.2500760     -8.8037559E-05
         864  0.2501555      4.2054773E-05
         865  0.2500835     -7.1905859E-05
         866  0.2501802      8.0431368E-05
         867  0.2502556      2.0510417E-04
         868  0.2501606      4.4953169E-05
         869  0.2500864     -7.8103738E-05
         870  0.2501584      3.7884827E-05
         871  0.2501824      8.4609565E-05
         872  0.2501437      2.0805415E-05
         873  0.2501178     -2.7689017E-05
         874  0.2501091     -3.7787020E-05
         875  0.2502274      1.6076202E-04
         876  0.2501253     -1.0450720E-05
         877  0.2502343      1.6165381E-04
         878  0.2502117      1.2880607E-04
         879  0.2501508      3.0047124E-05
         880  0.2501828      7.6985983E-05
         881  0.2501081     -5.6637069E-05
         882  0.2501265     -1.7989049E-05
         883  0.2501539      2.4540628E-05
         884  0.2500898     -8.1658458E-05
         885  0.2502504      1.8320679E-04
         886  0.2502761      2.3107414E-04
         887  0.2501592      3.8728282E-05
         888  0.2501345     -1.0463497E-06
         889  0.2501681      5.8183785E-05
         890  0.2501981      1.0480771E-04
         891  0.2501678      5.1286945E-05
         892  0.2501064     -4.6618334E-05
         893  0.2501474      2.4179253E-05
         894  0.2500328     -1.6238497E-04
         895  0.2501692      5.7427791E-05
         896  0.2500636     -1.2026283E-04
         897  0.2500543     -1.4175054E-04
         898  0.2501327     -1.0727756E-05
         899  0.2501333     -6.0425382E-06
         900  0.2501838      7.1972514E-05
         901  0.2500479     -1.4831747E-04
         902  0.2500903     -7.7482706E-05
         903  0.2502537      1.9380762E-04
         904  0.2501537      2.2020442E-05
         905  0.2501053     -5.5225461E-05
         906  0.2500491     -1.3893718E-04
         907  0.2502395      1.7184606E-04
         908  0.2502199      1.4098368E-04
         909  0.2500475     -1.4506270E-04
         910  0.2501606      4.1628551E-05
         911  0.2501523      3.2634944E-05
         912  0.2502044      1.1762984E-04
         913  0.2502667      2.2126093E-04
         914  0.2501155     -3.2536129E-05
         915  0.2500872     -7.4825541E-05
         916  0.2501333     -2.6017273E-07
         917  0.2502324      1.6808767E-04
         918  0.2501014     -4.9566876E-05
         919  0.2501663      5.7900539E-05
         920  0.2501590      4.4918390E-05
         921  0.2501406      2.1327442E-05
         922  0.2501341      9.6530075E-06
         923  0.2501751      7.9063466E-05
         924  0.2502275      1.6262379E-04
         925  0.2502010      1.2188062E-04
         926  0.2501640      5.3587533E-05
         927  0.2501816      8.1605162E-05
         928  0.2502023      1.0786119E-04
         929  0.2501675      4.8284390E-05
         930  0.2502268      1.4898696E-04
         931  0.2501033     -4.7839996E-05
         932  0.2500382     -1.5851478E-04
         933  0.2501796      7.3363677E-05
         934  0.2501355     -1.8766924E-06
         935  0.2501970      9.9572229E-05
         936  0.2502559      1.9590477E-04
         937  0.2500334     -1.6939186E-04
         938  0.2500421     -1.6509321E-04
         939  0.2501792      6.6319291E-05
         940  0.2501281     -2.5099729E-05
         941  0.2502217      1.3269542E-04
         942  0.2501435      7.6145661E-06
         943  0.2501864      7.4579249E-05
         944  0.2502376      1.5482937E-04
         945  0.2501882      6.8342917E-05
         946  0.2500429     -1.6142694E-04
         947  0.2501740      5.4986926E-05
         948  0.2501596      3.0925283E-05
         949  0.2501481      1.2160932E-05
         950  0.2501126     -4.6218371E-05
         951  0.2500466     -1.5098338E-04
         952  0.2501425      2.3500511E-06
         953  0.2502741      2.1832240E-04
         954  0.2501309     -1.9703673E-05
         955  0.2502069      1.0629759E-04
         956  0.2501145     -5.9285521E-05
         957  0.2501175     -5.1562714E-05
         958  0.2501749      4.2468124E-05
         959  0.2501210     -4.7686106E-05
         960  0.2501487      2.7979934E-06
         961  0.2501569      8.6195696E-06
         962  0.2501003     -8.3148603E-05
         963  0.2501757      3.8582311E-05
         964  0.2501567      1.2019434E-05
         965  0.2501841      5.7437650E-05
         966  0.2502182      1.0752054E-04
         967  0.2501532      4.3972586E-06
         968  0.2502005      7.7213546E-05
         969  0.2501681      2.5038400E-05
         970  0.2501395     -2.0688976E-05
         971  0.2501622      1.2059185E-05
         972  0.2500643     -1.5232169E-04
         973  0.2501282     -4.5053002E-05
         974  0.2500417     -1.9297938E-04
         975  0.2502487      1.5609864E-04
         976  0.2501993      6.7964909E-05
         977  0.2502171      1.0294442E-04
         978  0.2502532      1.6710977E-04
         979  0.2502993      2.4200288E-04
         980  0.2502377      1.3938543E-04
         981  0.2501787      4.5020370E-05
         982  0.2501318     -4.4155866E-05
         983  0.2500866     -1.1111254E-04
         984  0.2502432      1.3887022E-04
         985  0.2500935     -1.0240822E-04
         986  0.2501670      1.8072036E-05
         987  0.2500577     -1.6177256E-04
         988  0.2502301      1.1877747E-04
         989  0.2500974     -1.0214854E-04
         990  0.2501269     -5.2823209E-05
         991  0.2502317      1.1773198E-04
         992  0.2502261      1.0647310E-04
         993  0.2502549      1.4799193E-04
         994  0.2502163      8.4676489E-05
         995  0.2502061      6.8432753E-05
         996  0.2500911     -1.2561204E-04
         997  0.2501980      5.8932357E-05
         998  0.2501700      8.6886130E-06
         999  0.2502356      1.1969066E-04
        1000  0.2501161     -7.5521923E-05
        1001  0.2502149      8.7449189E-05
        1002  0.2501299     -5.0661107E-05
        1003  0.2501479     -2.3776080E-05
        1004  0.2502704      1.8407064E-04
        1005  0.2501267     -6.3158186E-05
        1006  0.2503141      2.5806463E-04
        1007  0.2501265     -5.2307736E-05
        1008  0.2502333      1.1351641E-04
        1009  0.2502275      1.1435163E-04
        1010  0.2502539      1.5756834E-04
        1011  0.2501965      5.4028515E-05
        1012  0.2501896      4.0220701E-05
        1013  0.2500623     -1.6665366E-04
        1014  0.2502332      1.2223776E-04
        1015  0.2502316      1.1611568E-04
        1016  0.2501156     -7.9594240E-05
        1017  0.2501718      1.2040070E-05
        1018  0.2501280     -4.8539830E-05
        1019  0.2501610      2.4283090E-06
        1020  0.2501892      5.1589832E-05
        1021  0.2501736      2.0566498E-05
        1022  0.2501664      1.2499510E-05
        1023  0.2502362      1.2886108E-04
        1024  0.2502069      7.4302014E-05
        1025  0.2502692      1.7535382E-04
        1026  0.2501852      3.5210800E-05
        1027  0.2501813      3.0773870E-05
        1028  0.2501614     -7.2876801E-06
        1029  0.2500742     -1.5349731E-04
        1030  0.2501321     -5.2372601E-05
        1031  0.2501674      3.5235639E-06
        1032  0.2501938      4.7198897E-05
        1033  0.2502114      7.4113770E-05
        1034  0.2501642     -5.5393061E-06
        1035  0.2502733      1.7982561E-04
        1036  0.2501780      1.8866618E-05
        1037  0.2501473     -3.3814704E-05
        1038  0.2501730      4.1862113E-06
        1039  0.2502027      4.6152094E-05
        1040  0.2500612     -1.8043006E-04
        1041  0.2501405     -5.1061092E-05
        1042  0.2502058      5.4568598E-05
        1043  0.2501820      1.3981610E-05
        1044  0.2502620      1.4894510E-04
        1045  0.2502289      9.0517315E-05
        1046  0.2501086     -1.0761775E-04
        1047  0.2501115     -1.0024302E-04
        1048  0.2501878      2.2400616E-05
        1049  0.2502333      9.4643336E-05
        1050  0.2502812      1.7113905E-04
        1051  0.2501586     -3.0605919E-05
        1052  0.2501915      2.7086711E-05
        1053  0.2502294      9.3063092E-05
        1054  0.2502500      1.1847565E-04
        1055  0.2502184      6.6888009E-05
        1056  0.2502506      1.2036285E-04
        1057  0.2501656     -2.4573999E-05
        1058  0.2501943      2.0916968E-05
        1059  0.2503183      2.2672093E-04
        1060  0.2501593     -3.4312583E-05
        1061  0.2501656     -2.4957060E-05
        1062  0.2500893     -1.5399054E-04
        1063  0.2501913      2.0810301E-05
        1064  0.2502423      1.0314172E-04
        1065  0.2501905      1.4083243E-05
        1066  0.2502367      9.0671740E-05
        1067  0.2501715     -1.6691738E-05
        1068  0.2501525     -4.7708185E-05
        1069  0.2501579     -4.1392101E-05
        1070  0.2501591     -3.5001252E-05
        1071  0.2502021      4.3301687E-05
        1072  0.2501601     -3.2263339E-05
        1073  0.2501660     -2.9552097E-05
        1074  0.2501194     -1.0212011E-04
        1075  0.2500849     -1.5895488E-04
        1076  0.2502499      1.1158104E-04
        1077  0.2502700      1.4930530E-04
        1078  0.2502464      1.0830044E-04
        1079  0.2502638      1.3327347E-04
        1080  0.2501870      8.4835910E-06
        1081  0.2501078     -1.1677784E-04
        1082  0.2501765     -9.1500906E-06
        1083  0.2503210      2.2457745E-04
        1084  0.2502590      1.2115414E-04
        1085  0.2502123      5.0144907E-05
        1086  0.2502487      1.0278677E-04
        1087  0.2502113      4.1555606E-05
        1088  0.2501396     -7.5130942E-05
        1089  0.2502087      3.3171647E-05
        1090  0.2502363      8.3820669E-05
        1091  0.2502038      2.9491053E-05
        1092  0.2501954      1.4953206E-05
        1093  0.2501639     -3.4588465E-05
        1094  0.2502174      4.8741716E-05
        1095  0.2501284     -9.3622111E-05
        1096  0.2501629     -3.9247370E-05
        1097  0.2502359      7.7936573E-05
        1098  0.2501554     -5.7214256E-05
        1099  0.2501242     -1.0873544E-04
        1100  0.2502053      2.5348256E-05
        1101  0.2501965      1.4744453E-05
        1102  0.2502114      3.8937698E-05
        1103  0.2502512      1.0484969E-04
        1104  0.2502477      1.0734799E-04
        1105  0.2501984      2.3072222E-05
        1106  0.2502432      9.5499054E-05
        1107  0.2502197      5.7506626E-05
        1108  0.2502926      1.7418717E-04
        1109  0.2501408     -7.0405666E-05
        1110  0.2501771     -1.7107845E-05
        1111  0.2501959      8.6833443E-06
        1112  0.2503407      2.5312777E-04
        1113  0.2501152     -1.2238797E-04
        1114  0.2502593      1.1820549E-04
        1115  0.2500086     -2.9767622E-04
        1116  0.2502658      1.3184779E-04
        1117  0.2502382      9.4983327E-05
        1118  0.2502817      1.4815152E-04
        1119  0.2503101      1.8722264E-04
        1120  0.2502452      9.2331007E-05
        1121  0.2502038      2.3712624E-05
        1122  0.2502345      7.3946030E-05
        1123  0.2502487      9.4731928E-05
        1124  0.2501971      6.9983457E-06
        1125  0.2502010      1.7662756E-05
        1126  0.2502708      1.3020016E-04
        1127  0.2501508     -7.0630405E-05
        1128  0.2501975     -3.4522105E-07
        1129  0.2502221      4.4449047E-05
        1130  0.2502247      4.9974195E-05
        1131  0.2502189      4.8374815E-05
        1132  0.2503044      1.8754156E-04
        1133  0.2502395      7.5078329E-05
        1134  0.2501997      1.1225582E-05
        1135  0.2501390     -9.4897179E-05
        1136  0.2500527     -2.3594788E-04
        1137  0.2502474      9.5037729E-05
        1138  0.2503362      2.3008521E-04
        1139  0.2503291      2.1778067E-04
        1140  0.2502701      1.2948594E-04
        1141  0.2502638      1.1880840E-04
        1142  0.2502395      7.6127712E-05
        1143  0.2501945     -8.6583708E-07
        1144  0.2502898      1.5101339E-04
        1145  0.2500908     -1.6654933E-04
        1146  0.2501420     -9.0828355E-05
        1147  0.2501771     -2.9215194E-05
        1148  0.2501674     -4.4575660E-05
        1149  0.2501941     -6.4211695E-06
        1150  0.2501193     -1.2794494E-04
        1151  0.2501332     -1.0833588E-04
        1152  0.2501678     -5.5330856E-05
        1153  0.2501851     -2.0539155E-05
        1154  0.2502569      9.9274286E-05
        1155  0.2502418      7.2042028E-05
        1156  0.2501721     -4.5576278E-05
        1157  0.2502554      9.4371288E-05
        1158  0.2502950      1.5193252E-04
        1159  0.2503251      1.9730211E-04
        1160  0.2504147      3.5453239E-04
        1161  0.2503546      2.4671626E-04
        1162  0.2502407      5.4151391E-05
        1163  0.2501943     -1.6422418E-05
        1164  0.2501910     -2.5206982E-05
        1165  0.2502555      7.9287543E-05
        1166  0.2503256      1.9533989E-04
        1167  0.2502395      4.9504422E-05
        1168  0.2501499     -9.7895900E-05
        1169  0.2502207      2.2367380E-05
        1170  0.2501698     -6.4172295E-05
        1171  0.2501690     -6.9595226E-05
        1172  0.2501753     -5.4235908E-05
        1173  0.2501069     -1.6596529E-04
        1174  0.2501025     -1.7034353E-04
        1175  0.2502505      6.9881047E-05
        1176  0.2501933     -2.8495329E-05
        1177  0.2501712     -6.2333398E-05
        1178  0.2503131      1.6660561E-04
        1179  0.2503484      2.2728814E-04
        1180  0.2502888      1.2662247E-04
        1181  0.2501500     -9.5754207E-05
        1182  0.2502215      2.5598867E-05
        1183  0.2502318      3.8303580E-05
        1184  0.2501994     -1.9343226E-05
        1185  0.2502559      7.3969539E-05
        1186  0.2502234      2.2649450E-05
        1187  0.2500738     -2.2335009E-04
        1188  0.2502074     -3.1771637E-07
        1189  0.2502796      1.1597273E-04
        1190  0.2502830      1.1568818E-04
        1191  0.2501633     -7.4653697E-05
        1192  0.2502738      9.7735370E-05
        1193  0.2502523      6.0596041E-05
        1194  0.2503430      2.0872496E-04
        1195  0.2501555     -9.4508883E-05
        1196  0.2503906      2.9422992E-04
        1197  0.2502545      5.7535279E-05
        1198  0.2502688      8.2522281E-05
        1199  0.2502359      2.9129867E-05
        1200  0.2502695      8.9493522E-05
        1201  0.2503131      1.6502971E-04
        1202  0.2502883      1.2033991E-04
        1203  0.2502519      6.2340798E-05
        1204  0.2503559      2.3378174E-04
        1205  0.2503143      1.5389772E-04
        1206  0.2503006      1.3631096E-04
        1207  0.2502582      6.8425514E-05
        1208  0.2501290     -1.4436722E-04
        1209  0.2502499      5.2679239E-05
        1210  0.2503100      1.5781903E-04
        1211  0.2503006      1.4260123E-04
        1212  0.2502526      6.2211722E-05
        1213  0.2500747     -2.2545505E-04
        1214  0.2501437     -1.1036052E-04
        1215  0.2501758     -5.4397406E-05
        1216  0.2501842     -4.2986187E-05
        1217  0.2501692     -6.5686145E-05
        1218  0.2501222     -1.4812674E-04
        1219  0.2501976     -2.7424965E-05
        1220  0.2502741      9.6913442E-05
        1221  0.2502038     -1.3412727E-05
        1222  0.2501741     -6.7064517E-05
        1223  0.2501395     -1.1991231E-04
        1224  0.2501639     -8.0729849E-05
        1225  0.2501310     -1.2097375E-04
        1226  0.2502355      4.1674419E-05
        1227  0.2503260      1.8389514E-04
        1228  0.2502311      3.8790567E-05
        1229  0.2501542     -7.6249940E-05
        1230  0.2503282      2.0335193E-04
        1231  0.2502102     -4.8046481E-06
        1232  0.2502398      4.3292035E-05
        1233  0.2502342      3.6950234E-05
        1234  0.2502163      7.6871129E-06
        1235  0.2502362      4.4215245E-05
        1236  0.2502217      1.4939255E-05
        1237  0.2502680      8.9825808E-05
        1238  0.2501847     -4.8718503E-05
        1239  0.2501800     -6.2219377E-05
        1240  0.2501867     -5.4170836E-05
        1241  0.2501921     -4.6353158E-05
        1242  0.2502056     -1.8710483E-05
        1243  0.2502964      1.2781379E-04
        1244  0.2502416      4.0635037E-05
        1245  0.2501587     -9.3872382E-05
        1246  0.2502345      3.6294612E-05
        1247  0.2500577     -2.5576146E-04
        1248  0.2501765     -6.7663212E-05
        1249  0.2502184      1.5173545E-05
        1250  0.2502672      8.8616260E-05
        1251  0.2502229      1.2762151E-05
        1252  0.2502433      4.1639789E-05
        1253  0.2501807     -5.9203365E-05
        1254  0.2501856     -5.1348306E-05
        1255  0.2502728      9.8612742E-05
        1256  0.2503485      2.1623469E-04
        1257  0.2502156     -2.4068473E-07
        1258  0.2501611     -8.5845648E-05
        1259  0.2501211     -1.5457346E-04
        1260  0.2502504      5.3921784E-05
        1261  0.2502055     -1.8910690E-05
        1262  0.2502101     -1.9976285E-05
        1263  0.2502486      4.9978782E-05
        1264  0.2500875     -2.1200128E-04
        1265  0.2502423      4.3730488E-05
        1266  0.2504386      3.6935785E-04
        1267  0.2503780      2.6304720E-04
        1268  0.2502309      2.5868369E-05
        1269  0.2502698      9.0215392E-05
        1270  0.2502802      1.1411701E-04
        1271  0.2501789     -5.5510802E-05
        1272  0.2501391     -1.2903816E-04
        1273  0.2502609      7.4519841E-05
        1274  0.2501492     -1.1684850E-04
        1275  0.2501649     -9.2050825E-05
        1276  0.2501709     -8.5506661E-05
        1277  0.2502679      7.9673489E-05
        1278  0.2502349      3.2433592E-05
        1279  0.2502401      3.9229988E-05
        1280  0.2503093      1.6351990E-04
        1281  0.2502772      1.0130836E-04
        1282  0.2504452      3.8156463E-04
        1283  0.2502006     -1.7295406E-05
        1284  0.2502197      3.6070494E-06
        1285  0.2503122      1.5739849E-04
        1286  0.2503383      2.0125604E-04
        1287  0.2503088      1.4475112E-04
        1288  0.2501905     -4.4230586E-05
        1289  0.2501870     -4.8787453E-05
        1290  0.2502306      2.5087154E-05
        1291  0.2502767      9.9876423E-05
        1292  0.2503032      1.4581115E-04
        1293  0.2503357      1.9017451E-04
        1294  0.2503156      1.5988144E-04
        1295  0.2502415      3.4219389E-05
        1296  0.2501635     -9.0823269E-05
        1297  0.2502432      4.1895157E-05
        1298  0.2502751      9.5896066E-05
        1299  0.2502406      4.1873569E-05
        1300  0.2501990     -3.8425173E-05
        1301  0.2502474      4.9468599E-05
        1302  0.2502140     -4.0337104E-06
        1303  0.2503436      2.1070207E-04
        1304  0.2501920     -3.6026144E-05
        1305  0.2501614     -9.2254952E-05
        1306  0.2501873     -4.9151535E-05
        1307  0.2502505      5.1284766E-05
        1308  0.2502013     -2.9523619E-05
        1309  0.2501247     -1.5545219E-04
        1310  0.2501132     -1.7862429E-04
        1311  0.2502562      5.4895765E-05
        1312  0.2502399      2.6137637E-05
        1313  0.2501391     -1.3829216E-04
        1314  0.2503148      1.5721748E-04
        1315  0.2502395      3.1287589E-05
        1316  0.2503494      2.1483215E-04
        1317  0.2502895      1.0816289E-04
        1318  0.2503115      1.4672647E-04
        1319  0.2502688      7.6824632E-05
        1320  0.2502638      7.0322290E-05
        1321  0.2502389      2.9195477E-05
        1322  0.2501971     -4.2179861E-05
        1323  0.2502410      2.9365519E-05
        1324  0.2502125     -8.3798050E-06
        1325  0.2502287      1.4017938E-05
        1326  0.2501920     -4.6470268E-05
        1327  0.2502402      2.6819444E-05
        1328  0.2502282      1.3420948E-05
        1329  0.2501877     -6.3455525E-05
        1330  0.2502855      1.0738062E-04
        1331  0.2502251      2.7017218E-06
        1332  0.2503332      1.8991010E-04
        1333  0.2502907      1.2065232E-04
        1334  0.2501674     -8.3829626E-05
        1335  0.2502640      7.7343793E-05
        1336  0.2502275      1.5275964E-05
        1337  0.2502219      2.0278219E-06
        1338  0.2502685      8.2288032E-05
        1339  0.2502851      1.0574027E-04
        1340  0.2502405      3.0813953E-05
        1341  0.2501838     -6.2032203E-05
        1342  0.2501487     -1.1738799E-04
        1343  0.2502503      4.8360023E-05
        1344  0.2501385     -1.3787238E-04
        1345  0.2502366      2.9639139E-05
        1346  0.2503362      1.9399311E-04
        1347  0.2502355      3.3299806E-05
        1348  0.2502407      3.5771231E-05
        1349  0.2501990     -3.2641517E-05
        1350  0.2502199     -1.8248644E-06
        1351  0.2501470     -1.2383742E-04
        1352  0.2502179     -9.3078261E-06
        1353  0.2501628     -1.0072650E-04
        1354  0.2502604      6.4806329E-05
        1355  0.2501549     -1.1892464E-04
        1356  0.2502144     -7.4696422E-06
        1357  0.2502851      1.0970796E-04
        1358  0.2503702      2.4330847E-04
        1359  0.2502657      5.7477762E-05
        1360  0.2502163     -1.5427006E-05
        1361  0.2502862      1.2525731E-04
        1362  0.2502101     -7.6699716E-06
        1363  0.2501756     -8.7885361E-05
        1364  0.2501859     -5.0057442E-05
        1365  0.2501319     -1.0444947E-04
        1366  0.2503304      1.8979264E-04
        1367  0.2502791      7.7567827E-05
        1368  0.2502512      6.0186263E-05
        1369  0.2502131      1.5017819E-05
        1370  0.2503351      2.0074336E-04
        1371  0.2502531      5.7880759E-05
        1372  0.2500753     -2.2396965E-04
        1373  0.2501393     -1.1823572E-04
        1374  0.2502537      6.9154521E-05
        1375  0.2501602     -8.2343722E-05
        1376  0.2501920     -2.6064981E-05
        1377  0.2502142      5.8311448E-06
        1378  0.2503534      2.3448376E-04
        1379  0.2502828      1.1667575E-04
        1380  0.2502912      1.2986189E-04
        1381  0.2501557     -8.9128538E-05
        1382  0.2501886     -4.2116153E-05
        1383  0.2501813     -4.6712954E-05
        1384  0.2502556      6.6964472E-05
        1385  0.2502418      4.7709917E-05
        1386  0.2502451      4.0004245E-05
        1387  0.2502563      7.2975461E-05
        1388  0.2500881     -2.1303735E-04
        1389  0.2502079     -9.1056327E-06
        1390  0.2502769      9.3956471E-05
        1391  0.2502579      6.5203960E-05
        1392  0.2502093     -2.0838890E-05
        1393  0.2502686      8.1484242E-05
        1394  0.2501640     -9.1090951E-05
        1395  0.2502732      8.6503467E-05
        1396  0.2502194      9.5256346E-06
        1397  0.2502582      6.9710768E-05
        1398  0.2503800      2.6823106E-04
        1399  0.2503952      2.9028914E-04
        1400  0.2502836      1.0820153E-04
        1401  0.2503081      1.5539906E-04
        1402  0.2501716     -7.1332768E-05
        1403  0.2501842     -4.2285577E-05
        1404  0.2502325      3.4590677E-05
        1405  0.2502186      7.9216425E-06
        1406  0.2503176      1.6666365E-04
        1407  0.2503206      1.6838197E-04
        1408  0.2501917     -3.7722893E-05
        1409  0.2501526     -9.7422511E-05
        1410  0.2501699     -7.2992800E-05
        1411  0.2502124      8.4840202E-08
        1412  0.2501287     -1.3533131E-04
        1413  0.2502516      7.1931005E-05
        1414  0.2503391      2.0817448E-04
        1415  0.2503580      2.3684085E-04
        1416  0.2503145      1.7304978E-04
        1417  0.2501988     -1.3989540E-05
        1418  0.2501468     -1.1241236E-04
        1419  0.2501759     -5.9584938E-05
        1420  0.2502545      7.2317416E-05
        1421  0.2502668      9.4865507E-05
        1422  0.2502159      6.9909770E-06
        1423  0.2502335      4.2219697E-05
        1424  0.2501458     -1.0688208E-04
        1425  0.2501163     -1.5689436E-04
        1426  0.2501201     -1.5357768E-04
        1427  0.2501622     -8.1887571E-05
        1428  0.2503364      2.0556024E-04
        1429  0.2502264      2.9659992E-05
        1430  0.2500984     -1.7790518E-04
        1431  0.2502063     -5.3747754E-06
        1432  0.2502225      2.0799003E-05
        1433  0.2501307     -1.2586448E-04
        1434  0.2501196     -1.4892544E-04
        1435  0.2502154      1.4632344E-05
        1436  0.2502098     -1.6912165E-06
        1437  0.2502669      9.7379103E-05
        1438  0.2501782     -5.7692167E-05
        1439  0.2501982     -1.7320985E-05
        1440  0.2502958      1.3966441E-04
        1441  0.2502129      3.3438721E-06
        1442  0.2502387      4.8265159E-05
        1443  0.2502412      4.7671048E-05
        1444  0.2502446      5.2998221E-05
        1445  0.2500949     -1.9616082E-04
        1446  0.2502488      5.4446744E-05
        1447  0.2501312     -1.3988513E-04
        1448  0.2502795      1.1318615E-04
        1449  0.2501826     -5.0689319E-05
        1450  0.2502759      1.0679166E-04
        1451  0.2501688     -7.2522329E-05
        1452  0.2502357      3.2723186E-05
        1453  0.2501329     -1.3283161E-04
        1454  0.2501015     -1.8460516E-04
        1455  0.2503159      1.6353447E-04
        1456  0.2500432     -2.7797540E-04
        1457  0.2502398      3.9170169E-05
        1458  0.2499917     -3.7005096E-04
        1459  0.2501281     -1.4488227E-04
        1460  0.2502185      1.2706160E-05
        1461  0.2502067     -2.3865916E-05
        1462  0.2502066     -1.5738960E-05
        1463  0.2501537     -9.5755859E-05
        1464  0.2501932     -3.8421731E-05
        1465  0.2502496      5.0752042E-05
        1466  0.2503234      1.8023689E-04
        1467  0.2502103     -6.9925045E-06
        1468  0.2501503     -9.7221964E-05
        1469  0.2500865     -2.0198394E-04
        1470  0.2502120      6.5866939E-06
        1471  0.2502144      8.9593459E-06
        1472  0.2502771      1.0764890E-04
        1473  0.2501796     -5.0827566E-05
        1474  0.2502170      1.5095776E-05
        1475  0.2502753      1.1764891E-04
        1476  0.2501358     -1.1436329E-04
        1477  0.2501715     -6.1142375E-05
        1478  0.2503362      2.1744178E-04
        1479  0.2502719      1.1396047E-04
        1480  0.2502013      3.2833207E-06
        1481  0.2503539      2.5013421E-04
        1482  0.2502549      9.8164193E-05
        1483  0.2502371      5.9592978E-05
        1484  0.2502111      1.2509666E-05
        1485  0.2502036     -8.8718217E-08
        1486  0.2501741     -4.5419929E-05
        1487  0.2501500     -8.9589121E-05
        1488  0.2502427      6.8325156E-05
        1489  0.2503101      1.8706487E-04
        1490  0.2501654     -4.7599686E-05
        1491  0.2502283      5.0425620E-05
        1492  0.2503478      2.5099260E-04
        1493  0.2502452      9.3847666E-05
        1494  0.2502311      5.3640539E-05
        1495  0.2501751     -3.8957263E-05
        1496  0.2503121      1.9642555E-04
        1497  0.2502033      1.0881452E-05
        1498  0.2501907     -1.1672565E-05
        1499  0.2502209      4.0059833E-05
        1500  0.2502989      1.7233600E-04
        1501  0.2502411      6.5765678E-05
        1502  0.2502334      6.5722306E-05
        1503  0.2501982      9.3101362E-06
        1504  0.2502428      9.0852896E-05
        1505  0.2501913      6.3230495E-06
        1506  0.2503233      2.2616678E-04
        1507  0.2503063      1.9901796E-04
        1508  0.2502173      5.0910756E-05
        1509  0.2500913     -1.4550138E-04
        1510  0.2502208      5.9764017E-05
        1511  0.2502838      1.6799862E-04
        1512  0.2502644      1.3788769E-04
        1513  0.2502847      1.7099960E-04
        1514  0.2502701      1.4934190E-04
        1515  0.2502027      3.3737899E-05
        1516  0.2501254     -8.8776913E-05
        1517  0.2501535     -3.2377600E-05
        1518  0.2501371     -5.6286448E-05
        1519  0.2501776      4.1604003E-06
        1520  0.2501967      3.2375279E-05
        1521  0.2501731     -7.2397515E-06
        1522  0.2502937      1.9611031E-04
        1523  0.2502060      5.4889126E-05
        1524  0.2501944      3.4300454E-05
        1525  0.2501996      2.8443730E-05
        1526  0.2501951      2.2971883E-05
        1527  0.2502175      6.9295180E-05
        1528  0.2502673      1.5194579E-04
        1529  0.2502426      1.0740284E-04
        1530  0.2502174      6.2961321E-05
        1531  0.2501932      3.1231564E-05
        1532  0.2501367     -6.7284731E-05
        1533  0.2501922      2.4414394E-05
        1534  0.2502132      6.5327520E-05
        1535  0.2502134      6.6057401E-05
        1536  0.2501688      1.9190445E-07
        1537  0.2502199      7.5692566E-05
        1538  0.2502158      6.8705718E-05
        1539  0.2501829      8.5177307E-06
        1540  0.2503534      2.9855239E-04
        1541  0.2501814      7.8535722E-06
        1542  0.2500845     -1.5218466E-04
        1543  0.2501766     -6.1524344E-07
        1544  0.2500480     -2.1091996E-04
        1545  0.2502238      7.8419376E-05
        1546  0.2502091      6.5735760E-05
        1547  0.2502223      8.5192027E-05
        1548  0.2500119     -2.6561759E-04
        1549  0.2501363     -5.4144039E-05
        1550  0.2501060     -1.0237443E-04
        1551  0.2501747      5.3480749E-06
        1552  0.2501738     -8.5361819E-07
        1553  0.2501137     -9.7255681E-05
        1554  0.2502089      6.7550704E-05
        1555  0.2500940     -1.3192653E-04
        1556  0.2501915      3.8967792E-05
        1557  0.2501394     -3.8286922E-05
        1558  0.2501188     -7.2517243E-05
        1559  0.2501216     -7.2724069E-05
        1560  0.2501743      1.3801754E-05
        1561  0.2501762      1.8439727E-05
        1562  0.2501779      1.9358284E-05
        1563  0.2503029      2.2084909E-04
        1564  0.2502332      1.1243097E-04
        1565  0.2502957      2.1711209E-04
        1566  0.2501145     -8.6524458E-05
        1567  0.2502375      1.1088418E-04
        1568  0.2501886      4.6641802E-05
        1569  0.2502667      1.7466107E-04
        1570  0.2502486      1.3924240E-04
        1571  0.2502559      1.4943101E-04
        1572  0.2503135      2.3401182E-04
        1573  0.2502512      1.3661405E-04
        1574  0.2501770      1.6166819E-05
        1575  0.2501777      3.2983120E-05
        1576  0.2502640      1.7321784E-04
        1577  0.2502346      1.2396621E-04
        1578  0.2501757      2.7816781E-05
        1579  0.2502293      1.1413051E-04
        1580  0.2501981      6.2836843E-05
        1581  0.2501517     -6.6957687E-06
        1582  0.2502580      1.7130459E-04
        1583  0.2502094      9.3525261E-05
        1584  0.2503292      2.9535688E-04
        1585  0.2502852      2.2933062E-04
        1586  0.2502342      1.4784130E-04
        1587  0.2501633      3.0454759E-05
        1588  0.2503021      2.6166489E-04
        1589  0.2501981      9.5497897E-05
        1590  0.2502519      1.7883796E-04
        1591  0.2502004      8.6699096E-05
        1592  0.2501605      3.4611257E-05
        1593  0.2501542      2.1608945E-05
        1594  0.2500653     -1.3049881E-04
        1595  0.2501692      3.9236951E-05
        1596  0.2502235      1.3493501E-04
        1597  0.2501131     -5.2945972E-05
        1598  0.2500443     -1.5788905E-04
        1599  0.2501144     -4.1038151E-05
        1600  0.2502180      1.2064220E-04
        1601  0.2501065     -5.5466458E-05
        1602  0.2501507      1.7434420E-05
        1603  0.2501166     -6.1695646E-05
        1604  0.2499986     -2.5127889E-04
        1605  0.2501117     -5.3479504E-05
        1606  0.2501379     -2.2704717E-05
        1607  0.2500893     -1.0452253E-04
        1608  0.2501239     -3.8063212E-05
        1609  0.2501466     -2.0170107E-06
        1610  0.2502773      2.1223104E-04
        1611  0.2503293      3.0298773E-04
        1612  0.2502756      2.0689501E-04
        1613  0.2503297      2.9975214E-04
        1614  0.2501962      8.4513529E-05
        1615  0.2501959      8.3155654E-05
        1616  0.2502128      1.0305294E-04
        1617  0.2501112     -6.3226573E-05
        1618  0.2502230      1.2381982E-04
        1619  0.2502741      2.0529321E-04
        1620  0.2502137      1.1399650E-04
        1621  0.2501338     -2.7900029E-05
        1622  0.2501800      4.9342292E-05
        1623  0.2500541     -1.6043622E-04
        1624  0.2501493     -9.1759985E-06
        1625  0.2502998      2.4049624E-04
        1626  0.2502561      1.6360897E-04
        1627  0.2502890      2.2288642E-04
        1628  0.2502081      9.8042699E-05
        1629  0.2501541      9.6915992E-06
        1630  0.2501458     -6.4803194E-06
        1631  0.2501726      4.0310810E-05
        1632  0.2500735     -1.3549796E-04
        1633  0.2500639     -1.5203153E-04
        1634  0.2500946     -9.9801015E-05
        1635  0.2500666     -1.4936521E-04
        1636  0.2501870      4.9528047E-05
        1637  0.2502842      2.0465865E-04
        1638  0.2502038      7.6404729E-05
        1639  0.2502293      1.2809857E-04
        1640  0.2500875     -1.1472166E-04
        1641  0.2501428     -2.4942234E-05
        1642  0.2501199     -5.5275526E-05
        1643  0.2502511      1.7262921E-04
        1644  0.2502241      1.1849806E-04
        1645  0.2501262     -3.9895389E-05
        1646  0.2501123     -6.3917163E-05
        1647  0.2501650      2.1525992E-05
        1648  0.2502605      1.8133840E-04
        1649  0.2501032     -7.9362064E-05
        1650  0.2501194     -4.9171573E-05
        1651  0.2501873      6.5271925E-05
        1652  0.2501099     -5.9263755E-05
        1653  0.2501206     -4.8332655E-05
        1654  0.2501905      7.2180868E-05
        1655  0.2501283     -3.1939187E-05
        1656  0.2502725      2.1138866E-04
        1657  0.2501017     -7.8713972E-05
        1658  0.2500760     -1.1305852E-04
        1659  0.2501547      1.9971694E-05
        1660  0.2501043     -7.4775307E-05
        1661  0.2502156      1.0909191E-04
        1662  0.2501342     -2.3828881E-05
        1663  0.2502093      9.5165473E-05
        1664  0.2501295     -3.5848519E-05
        1665  0.2500708     -1.2893425E-04
        1666  0.2501651      3.2894517E-05
        1667  0.2501164     -4.1929179E-05
        1668  0.2501700      5.5970351E-05
        1669  0.2500938     -6.9274392E-05
        1670  0.2500663     -1.2202044E-04
        1671  0.2500594     -1.3317236E-04
        1672  0.2500874     -9.8933400E-05
        1673  0.2502526      1.8504451E-04
        1674  0.2500924     -7.2992792E-05
        1675  0.2502247      1.5251101E-04
        1676  0.2501206     -2.8660967E-05
        1677  0.2501972      9.3747069E-05
        1678  0.2501349     -6.0165503E-06
        1679  0.2501076     -4.4080432E-05
        1680  0.2503077      2.8420411E-04
        1681  0.2502386      1.6667099E-04
        1682  0.2501496      2.4201832E-05
        1683  0.2502370      1.6628877E-04
        1684  0.2502321      1.5575132E-04
        1685  0.2502107      1.1708833E-04
        1686  0.2500418     -1.5671227E-04
        1687  0.2502130      1.3619597E-04
        1688  0.2501483      2.1032782E-05
        1689  0.2503469      3.5860221E-04
        1690  0.2502871      2.6282549E-04
        1691  0.2501820      9.2452625E-05
        1692  0.2502466      1.9571338E-04
        1693  0.2502350      1.7585020E-04
        1694  0.2501889      9.6187796E-05
        1695  0.2501465      2.4898747E-05
        1696  0.2501996      1.1254760E-04
        1697  0.2500896     -5.9101112E-05
        1698  0.2501350      1.7827118E-05
        1699  0.2501442      3.3974189E-05
        1700  0.2501667      6.5006519E-05
        1701  0.2500851     -6.2973741E-05
        1702  0.2501640      6.3894484E-05
        1703  0.2502249      1.6804747E-04
        1704  0.2502553      2.1436495E-04
        1705  0.2500777     -7.5542528E-05
        1706  0.2500411     -1.4660197E-04
        1707  0.2501535      4.2382973E-05
        1708  0.2501711      7.3176321E-05
        1709  0.2501741      8.9392634E-05
        1710  0.2501312      1.4974515E-05
        1711  0.2501674      6.8710440E-05
        1712  0.2502248      1.6235540E-04
        1713  0.2501121     -2.0234964E-05
        1714  0.2502567      2.1962503E-04
        1715  0.2501779      9.1306531E-05
        1716  0.2500946     -4.4718479E-05
        1717  0.2502358      1.8867003E-04
        1718  0.2502580      2.2861145E-04
        1719  0.2500593     -1.0434500E-04
        1720  0.2501312      1.7586450E-05
        1721  0.2500013     -1.9274173E-04
        1722  0.2501723      8.5834530E-05
        1723  0.2502033      1.3289557E-04
        1724  0.2500178     -1.6531776E-04
        1725  0.2501585      5.8624613E-05
        1726  0.2501617      6.9891670E-05
        1727  0.2500666     -8.5522144E-05
        1728  0.2499027     -3.5771777E-04
        1729  0.2499481     -2.7723890E-04
        1730  0.2501364      3.5952726E-05
        1731  0.2502461      2.1835102E-04
        1732  0.2500513     -1.0567086E-04
        1733  0.2500887     -4.2300857E-05
        1734  0.2499754     -2.1889235E-04
        1735  0.2500757     -5.0596118E-05
        1736  0.2501489      6.0431576E-05
        1737  0.2501113     -2.0001648E-06
        1738  0.2500587     -8.7261644E-05
        1739  0.2500900     -4.1132964E-05
        1740  0.2501439      6.4792672E-05
        1741  0.2502272      1.9353435E-04
        1742  0.2499011     -3.3361101E-04
        1743  0.2500104     -1.5451839E-04
        1744  0.2501771      1.1719042E-04
        1745  0.2503148      3.3660987E-04
        1746  0.2501645      8.9621826E-05
        1747  0.2501262      1.6846870E-05
        1748  0.2502268      1.8972144E-04
        1749  0.2500345     -1.2492518E-04
        1750  0.2501186      1.2342333E-05
        1751  0.2502099      1.5611059E-04
        1752  0.2502049      1.5079133E-04
        1753  0.2501250      2.0840613E-05
        1754  0.2501059     -1.6964110E-05
        1755  0.2501782      9.9501231E-05
        1756  0.2502283      2.0185507E-04
        1757  0.2500561     -7.7564837E-05
        1758  0.2499591     -2.4462256E-04
        1759  0.2499764     -2.2936471E-04
        1760  0.2500543     -9.7380616E-05
        1761  0.2501394      5.3259555E-05
        1762  0.2501405      5.4095315E-05
        1763  0.2499950     -1.9036634E-04
        1764  0.2501162      1.5100256E-05
        1765  0.2501262      3.7357597E-05
        1766  0.2500586     -7.3713731E-05
        1767  0.2500958     -1.5317937E-05
        1768  0.2501180      1.3187499E-05
        1769  0.2502309      1.9583937E-04
        1770  0.2501406      5.1395182E-05
        1771  0.2501432      5.6951805E-05
        1772  0.2502109      1.8393292E-04
        1773  0.2500725     -4.5214812E-05
        1774  0.2500878     -1.7660108E-05
        1775  0.2502038      1.8267093E-04
        1776  0.2501787      1.3990609E-04
        1777  0.2502997      3.2893592E-04
        1778  0.2501161      1.8867813E-05
        1779  0.2501730      1.2398792E-04
        1780  0.2500198     -1.2967249E-04
        1781  0.2501355      6.2328312E-05
        1782  0.2501288      5.7086978E-05
        1783  0.2499807     -1.8284521E-04
        1784  0.2501202      4.4538563E-05
        1785  0.2501783      1.4374864E-04
        1786  0.2501818      1.4205006E-04
        1787  0.2501137      3.0075054E-05
        1788  0.2501334      5.9391608E-05
        1789  0.2501633      1.0907026E-04
        1790  0.2500343     -1.1049474E-04
        1791  0.2501670      1.1844205E-04
        1792  0.2499881     -1.6169880E-04
        1793  0.2500846     -1.2446254E-05
        1794  0.2500260     -1.1089911E-04
        1795  0.2501163      4.8283709E-05
        1796  0.2501402      8.4045212E-05
        1797  0.2501383      9.6761934E-05
        1798  0.2501379      8.8032168E-05
        1799  0.2501740      1.5089309E-04
        1800  0.2501414      9.7387085E-05
        1801  0.2501939      1.8575284E-04
        1802  0.2501994      1.9048709E-04
        1803  0.2500501     -5.8351659E-05
        1804  0.2500882     -3.6884765E-07
        1805  0.2501444      9.8589553E-05
        1806  0.2500425     -6.9851420E-05
        1807  0.2500573     -3.7894642E-05
        1808  0.2501777      1.5948886E-04
        1809  0.2500320     -8.8094697E-05
        1810  0.2501518      1.1077937E-04
        1811  0.2501769      1.6211861E-04
        1812  0.2499668     -1.8850857E-04
        1813  0.2501975      1.8898355E-04
        1814  0.2501042      3.3747136E-05
        1815  0.2500513     -5.4046101E-05
        1816  0.2501668      1.4228253E-04
        1817  0.2501592      1.2651080E-04
        1818  0.2500982      2.4530391E-05
        1819  0.2500513     -6.3054737E-05
        1820  0.2502109      2.0529916E-04
        1821  0.2501843      1.6319643E-04
        1822  0.2501817      1.6614809E-04
        1823  0.2499649     -1.8358936E-04
        1824  0.2500444     -6.4206390E-05
        1825  0.2501072      3.5538920E-05
        1826  0.2502598      2.9302554E-04
        1827  0.2500680     -2.0351217E-05
        1828  0.2501945      1.8381169E-04
        1829  0.2501709      1.4554829E-04
        1830  0.2501398      9.4572562E-05
        1831  0.2500169     -1.1182183E-04
        1832  0.2500242     -8.5042462E-05
        1833  0.2501598      1.3595603E-04
        1834  0.2500662     -8.9082441E-06
        1835  0.2500744      1.6102241E-06
        1836  0.2500175     -9.2768103E-05
        1837  0.2501401      1.0355448E-04
        1838  0.2501517      1.2813004E-04
        1839  0.2500617     -1.7565791E-05
        1840  0.2499411     -2.0594394E-04
        1841  0.2500567     -1.8396875E-05
        1842  0.2499885     -1.4836287E-04
        1843  0.2500800      1.2494161E-05
        1844  0.2499663     -1.7484748E-04
        1845  0.2500680     -1.1203633E-05
        1846  0.2501288      8.9310146E-05
        1847  0.2500977      3.9938848E-05
        1848  0.2500817      1.9047600E-05
        1849  0.2500001     -1.2411601E-04
        1850  0.2500775      1.1967515E-05
        1851  0.2502529      3.0039926E-04
        1852  0.2501342      1.0530119E-04
        1853  0.2501643      1.5712852E-04
        1854  0.2502874      3.6851634E-04
        1855  0.2500448     -2.7785060E-05
        1856  0.2501096      7.1452559E-05
        1857  0.2500829      2.6709589E-05
        1858  0.2501270      9.9716199E-05
        1859  0.2499488     -1.9120731E-04
        1860  0.2500331     -4.8523605E-05
        1861  0.2499789     -1.2152841E-04
        1862  0.2500860      4.3947210E-05
        1863  0.2501455      1.3627828E-04
        1864  0.2500820      3.1922049E-05
        1865  0.2500573     -6.4278784E-06
        1866  0.2500861      3.9511731E-05
        1867  0.2500948      5.0749604E-05
        1868  0.2501995      2.3196424E-04
        1869  0.2500891      4.0618757E-05
        1870  0.2500771      2.6809843E-05
        1871  0.2500074     -8.6260843E-05
        1872  0.2501296      1.0531379E-04
        1873  0.2500657      7.9479951E-06
        1874  0.2500857      3.8380414E-05
        1875  0.2500193     -6.6205350E-05
        1876  0.2501038      7.7783458E-05
        1877  0.2499595     -1.5789723E-04
        1878  0.2500357     -3.5153807E-05
        1879  0.2499701     -1.4315425E-04
        1880  0.2502194      2.7345744E-04
        1881  0.2500437     -2.0147438E-05
        1882  0.2499454     -1.7876634E-04
        1883  0.2500030     -8.6071479E-05
        1884  0.2499505     -1.7159681E-04
        1885  0.2500476     -6.3880484E-06
        1886  0.2501113      9.7023163E-05
        1887  0.2500284     -3.7183498E-05
        1888  0.2501543      1.7355343E-04
        1889  0.2500128     -6.9417896E-05
        1890  0.2501116      9.4380383E-05
        1891  0.2500479     -6.8110558E-06
        1892  0.2499856     -1.1859847E-04
        1893  0.2500377     -3.2608819E-05
        1894  0.2500066     -9.1098926E-05
        1895  0.2501203      1.0305416E-04
        1896  0.2500471     -1.9755738E-05
        1897  0.2501702      1.8773481E-04
        1898  0.2501003      6.8998561E-05
        1899  0.2500799      3.6917081E-05
        1900  0.2499184     -2.3386278E-04
        1901  0.2499015     -2.6506971E-04
        1902  0.2501198      1.0744780E-04
        1903  0.2501059      7.5105461E-05
        1904  0.2501238      1.0954180E-04
        1905  0.2500003     -1.0588145E-04
        1906  0.2501348      1.2290945E-04
        1907  0.2500580     -4.7392055E-06
        1908  0.2501079      8.4937630E-05
        1909  0.2501221      1.1558861E-04
        1910  0.2501983      2.3843422E-04
        1911  0.2501426      1.3434950E-04
        1912  0.2502509      3.1420894E-04
        1913  0.2501532      1.6296815E-04
        1914  0.2501469      1.5613293E-04
        1915  0.2501378      1.4758833E-04
        1916  0.2499782     -1.1009606E-04
        1917  0.2500166     -3.6365931E-05
        1918  0.2499246     -1.9734500E-04
        1919  0.2501195      1.3383501E-04
        1920  0.2501509      1.8243982E-04
        1921  0.2500769      5.9901740E-05
        1922  0.2501512      1.8337939E-04
        1923  0.2499359     -1.8267163E-04
        1924  0.2501428      1.6963881E-04
        1925  0.2501540      1.8191998E-04
        1926  0.2499912     -8.1855622E-05
        1927  0.2501848      2.2338486E-04
        1928  0.2500369     -2.3378516E-05
        1929  0.2502043      2.5403715E-04
        1930  0.2500266     -3.2074437E-05
        1931  0.2499756     -1.0999427E-04
        1932  0.2501064      1.0419041E-04
        1933  0.2500415     -1.2462652E-05
        1934  0.2500097     -6.0684612E-05
        1935  0.2500252     -2.8405657E-05
        1936  0.2500578      2.1860355E-05
        1937  0.2500873      7.6020529E-05
        1938  0.2500470      8.2266397E-06
        1939  0.2500999      9.3635048E-05
        1940  0.2501182      1.3654357E-04
        1941  0.2500498      5.4947168E-06
        1942  0.2500271     -3.7005342E-05
        1943  0.2501072      1.0762471E-04
        1944  0.2502470      3.3562162E-04
        1945  0.2501180      1.2403075E-04
        1946  0.2499901     -8.2035222E-05
        1947  0.2500809      6.0972612E-05
        1948  0.2500230     -2.8333587E-05
        1949  0.2501334      1.6485076E-04
        1950  0.2500665      4.3682874E-05
        1951  0.2500334     -3.3988376E-06
        1952  0.2501216      1.2716056E-04
        1953  0.2500477      2.0904899E-05
        1954  0.2500408      9.6445237E-06
        1955  0.2498729     -2.7144048E-04
        1956  0.2500456      1.8104545E-05
        1957  0.2499205     -1.9193768E-04
        1958  0.2500628      4.2041847E-05
        1959  0.2500291     -2.0304278E-05
        1960  0.2499793     -9.8448465E-05
        1961  0.2499590     -1.2884419E-04
        1962  0.2500936      9.0997157E-05
        1963  0.2500704      5.1004175E-05
        1964  0.2501032      1.0183581E-04
        1965  0.2499295     -1.8395828E-04
        1966  0.2499632     -1.3205416E-04
        1967  0.2499304     -1.9091849E-04
        1968  0.2500315     -1.5042790E-05
        1969  0.2500742      4.0957144E-05
        1970  0.2501583      1.8032032E-04
        1971  0.2501300      1.3812185E-04
        1972  0.2500834      6.5786189E-05
        1973  0.2499697     -1.1937809E-04
        1974  0.2500569      2.0516714E-05
        1975  0.2501397      1.5710000E-04
        1976  0.2500751      5.1554231E-05
        1977  0.2501118      1.0986132E-04
        1978  0.2502017      2.7427296E-04
        1979  0.2500069     -4.8365491E-05
        1980  0.2500359     -1.3609354E-06
        1981  0.2499898     -8.0922684E-05
        1982  0.2499824     -9.2945818E-05
        1983  0.2500131     -2.9521234E-05
        1984  0.2500813      7.8142657E-05
        1985  0.2500172     -2.9980018E-05
        1986  0.2500142     -2.5201432E-05
        1987  0.2501490      1.9267759E-04
        1988  0.2500760      7.2372866E-05
        1989  0.2501181      1.5110092E-04
        1990  0.2499524     -1.1679782E-04
        1991  0.2502516      3.8441084E-04
        1992  0.2500845      1.0616703E-04
        1993  0.2501082      1.5386411E-04
        1994  0.2499097     -1.7330454E-04
        1995  0.2501671      2.4665883E-04
        1996  0.2502685      4.0938685E-04
        1997  0.2501398      2.1020879E-04
        1998  0.2500467      5.1001432E-05
        1999  0.2500772      1.0273641E-04
        2000  0.2499533     -1.0635285E-04
        2001  0.2500821      1.1403246E-04
        2002  0.2500216      1.4915900E-05
        2003  0.2500840      1.1224453E-04
        2004  0.2500191      3.6844262E-06
        2005  0.2499138     -1.6212116E-04
        2006  0.2499493     -9.9671241E-05
        2007  0.2500915      1.2961833E-04
        2008  0.2500105      8.4463136E-06
        2009  0.2501368      2.0384074E-04
        2010  0.2500172      1.1297823E-05
        2011  0.2499823     -3.8890223E-05
        2012  0.2500629      7.9272257E-05
        2013  0.2499430     -1.1925978E-04
        2014  0.2501459      2.1220329E-04
        2015  0.2500950      1.2768677E-04
        2016  0.2502135      3.3170442E-04
        2017  0.2501689      2.5248658E-04
        2018  0.2501406      2.0286189E-04
        2019  0.2501420      2.0155366E-04
        2020  0.2500683      8.9967660E-05
        2021  0.2500461      4.3100761E-05
        2022  0.2500843      1.0827755E-04
        2023  0.2500200     -5.6529884E-06
        2024  0.2500112     -1.5591504E-05
        2025  0.2500340      2.7266247E-05
        2026  0.2501045      1.4685432E-04
        2027  0.2500577      5.5037675E-05
        2028  0.2501700      2.5260818E-04
        2029  0.2500613      8.2029626E-05
        2030  0.2500302      2.4584087E-05
        2031  0.2500437      3.4094166E-05
        2032  0.2498013     -3.5035817E-04
        2033  0.2498941     -1.7357442E-04
        2034  0.2500510      5.4307169E-05
        2035  0.2500787      5.7269910E-05
        2036  0.2500955      1.3392082E-04
        2037  0.2500322      7.5048527E-05
        2038  0.2500692      9.1337068E-05
        2039  0.2501112      9.6613083E-05
        2040  0.2501708      2.6265639E-04
        2041  0.2499150     -8.9126363E-05
        2042  0.2499986     -2.2801481E-05
        2043  0.2499405     -1.9957153E-04
        2044  0.2500269      2.7737924E-05
        2045  0.2500525      1.4743580E-04
        2046  0.2500497      5.4399421E-05
        2047  0.2500928      4.2014850E-05
        2048  0.2499414     -1.0959851E-04
